44.0 322
33.0 276
28.0 250
25.0 258
37.0 251
40.0 310
31.0 255
23.0 230
46.0 211
36.0 365
34.0 367
36.0 201
24.0 313
33.0 262
34.0 389
29.0 206
26.0 213
43.0 205
29.0 242
38.0 291
33.0 342
36.0 345
26.0 207
32.0 272
31.0 396
27.0 317
35.0 300
36.0 363
36.0 339
24.0 201
33.0 291
36.0 318
39.0 250
39.0 270
25.0 266
39.0 289
29.0 210
32.0 307
47.0 253
42.0 237
34.0 310
39.0 220
27.0 267
28.0 362
25.0 299
32.0 305
40.0 392
40.0 208
41.0 222
40.0 329
35.0 292
41.0 229
26.0 351
42.0 228
47.0 301
36.0 338
37.0 333
35.0 334
40.0 309
32.0 346
31.0 319
24.0 339
44.0 302
39.0 346
40.0 301
42.0 362
38.0 378
24.0 256
42.0 339
35.0 364
43.0 335
41.0 388
39.0 233
41.0 279
40.0 245
26.0 399
43.0 344
37.0 264
25.0 304
35.0 266
32.0 259
41.0 260
32.0 241
35.0 393
42.0 211
25.0 227
39.0 298
25.0 379
29.0 242
40.0 364
24.0 286
29.0 276
33.0 265
39.0 251
46.0 236
42.0 311
25.0 380
46.0 249
29.0 276
33.0 242
32.0 313
39.0 400
26.0 314
24.0 383
31.0 285
40.0 395
29.0 374
26.0 306
29.0 266
38.0 231
37.0 303
37.0 334
30.0 365
44.0 260
43.0 256
41.0 388
35.0 251
40.0 334
44.0 267
46.0 340
41.0 387
37.0 326
33.0 366
31.0 308
32.0 399
28.0 254
25.0 282
42.0 352
43.0 292
44.0 237
45.0 268
45.0 319
31.0 217
46.0 278
35.0 275
42.0 333
46.0 330
37.0 266
35.0 210
40.0 204
25.0 207
37.0 218
35.0 239
24.0 269
29.0 360
26.0 216
41.0 371
40.0 277
32.0 333
38.0 298
24.0 221
45.0 317
28.0 211
45.0 254
24.0 233
34.0 372
34.0 354
45.0 347
45.0 277
39.0 271
33.0 336
45.0 330
40.0 267
24.0 291
42.0 329
25.0 365
47.0 370
40.0 228
34.0 268
32.0 386
26.0 391
26.0 292
27.0 343
34.0 250
28.0 388
23.0 285
40.0 390
33.0 317
27.0 373
44.0 245
36.0 284
41.0 235
38.0 273
23.0 307
40.0 214
25.0 238
36.0 220
43.0 341
35.0 351
28.0 260
45.0 317
35.0 375
43.0 318
47.0 339
25.0 370
32.0 252
41.0 302
38.0 250
27.0 265
42.0 237
30.0 381
44.0 323
30.0 394
41.0 350
23.0 282
23.0 345
39.0 393
29.0 304
36.0 323
29.0 219
32.0 382
42.0 287
44.0 203
25.0 372
26.0 369
41.0 304
31.0 247
45.0 253
43.0 384
30.0 281
44.0 374
32.0 328
32.0 226
42.0 279
36.0 279
39.0 334
30.0 334
35.0 396
34.0 217
37.0 315
47.0 302
43.0 360
42.0 234
32.0 224
40.0 211
37.0 228
41.0 348
35.0 381
40.0 263
34.0 337
42.0 381
45.0 270
43.0 227
25.0 346
34.0 278
46.0 252
34.0 356
40.0 229
39.0 255
23.0 379
39.0 350
27.0 223
28.0 243
25.0 344
30.0 263
34.0 203
39.0 328
47.0 382
30.0 228
29.0 398
31.0 395
29.0 390
47.0 291
39.0 286
41.0 312
45.0 271
33.0 364
36.0 381
35.0 336
39.0 332
32.0 356
42.0 379
37.0 341
25.0 263
28.0 351
26.0 342
43.0 393
36.0 351
47.0 389
47.0 235
42.0 291
46.0 265
37.0 356
32.0 342
33.0 293
30.0 375
39.0 296
36.0 286
42.0 299
28.0 286
41.0 224
42.0 387
46.0 376
44.0 227
29.0 361
27.0 314
29.0 397
41.0 267
33.0 321
40.0 360
46.0 290
46.0 287
37.0 228
46.0 332
37.0 330
31.0 203
25.0 305
44.0 212
37.0 302
40.0 235
32.0 217
24.0 345
39.0 382
28.0 344
43.0 217
35.0 341
28.0 375
26.0 202
31.0 386
47.0 279
27.0 231
32.0 339
44.0 297
40.0 399
28.0 235
36.0 264
40.0 344
25.0 207
33.0 216
41.0 372
30.0 274
32.0 208
36.0 341
38.0 384
37.0 339
43.0 392
40.0 326
26.0 211
45.0 266
38.0 280
47.0 201
32.0 282
43.0 375
26.0 374
32.0 246
41.0 360
46.0 297
26.0 373
34.0 384
44.0 234
45.0 350
26.0 296
36.0 323
45.0 390
36.0 368
36.0 397
23.0 282
31.0 299
42.0 235
43.0 379
27.0 210
36.0 289
29.0 376
43.0 249
40.0 265
29.0 282
41.0 261
25.0 353
41.0 253
27.0 399
28.0 365
31.0 393
40.0 309
30.0 338
33.0 390
43.0 334
30.0 388
38.0 343
46.0 272
36.0 269
37.0 327
33.0 299
24.0 326
44.0 274
38.0 379
39.0 393
38.0 341
40.0 303
46.0 232
27.0 315
30.0 222
44.0 265
36.0 385
30.0 216
28.0 224
28.0 395
26.0 303
28.0 272
28.0 325
24.0 211
37.0 294
38.0 361
25.0 257
30.0 266
32.0 249
31.0 254
35.0 258
44.0 395
45.0 391
26.0 312
39.0 228
43.0 286
26.0 313
44.0 326
23.0 249
36.0 385
27.0 210
30.0 222
23.0 364
45.0 231
31.0 351
35.0 249
41.0 291
28.0 400
35.0 266
39.0 290
29.0 319
40.0 292
35.0 250
23.0 356
46.0 368
41.0 305
29.0 304
23.0 214
32.0 245
42.0 228
35.0 288
26.0 340
36.0 336
33.0 246
46.0 296
37.0 327
25.0 315
41.0 318
33.0 289
44.0 347
40.0 277
39.0 333
28.0 354
41.0 273
26.0 328
33.0 319
31.0 257
28.0 354
29.0 219
40.0 388
26.0 208
31.0 366
32.0 359
33.0 356
41.0 330
26.0 223
29.0 316
24.0 393
26.0 286
38.0 321
43.0 321
39.0 220
42.0 387
44.0 328
30.0 223
37.0 254
31.0 357
24.0 347
30.0 323
39.0 356
40.0 305
30.0 350
26.0 346
47.0 204
41.0 379
45.0 297
30.0 286
23.0 351
36.0 204
46.0 370
27.0 263
24.0 253
32.0 298
38.0 213
38.0 353
43.0 289
31.0 218
46.0 279
28.0 232
36.0 288
31.0 368
37.0 212
46.0 244
38.0 233
31.0 224
33.0 299
31.0 383
25.0 307
43.0 353
30.0 330
41.0 303
25.0 305
42.0 302
44.0 329
42.0 329
30.0 384
37.0 257
25.0 279
45.0 286
36.0 394
29.0 319
44.0 251
32.0 373
37.0 325
24.0 286
46.0 386
46.0 312
31.0 225
43.0 329
25.0 316
36.0 344
39.0 372
39.0 378
30.0 232
35.0 359
46.0 326
41.0 241
24.0 400
26.0 333
25.0 358
46.0 378
43.0 226
28.0 357
29.0 298
28.0 392
45.0 246
42.0 259
43.0 226
30.0 270
27.0 399
25.0 238
43.0 314
42.0 288
29.0 282
27.0 249
40.0 245
30.0 385
33.0 393
37.0 238
39.0 272
37.0 335
27.0 372
42.0 285
32.0 313
40.0 365
41.0 362
40.0 332
45.0 289
37.0 302
33.0 292
32.0 236
37.0 320
39.0 378
35.0 303
29.0 314
33.0 363
35.0 228
36.0 211
36.0 321
35.0 335
25.0 357
45.0 370
29.0 389
34.0 223
34.0 208
38.0 371
44.0 259
26.0 323
29.0 303
31.0 216
25.0 268
45.0 347
25.0 204
30.0 354
31.0 251
35.0 369
33.0 335
33.0 267
34.0 289
38.0 230
32.0 379
37.0 338
23.0 299
25.0 257
46.0 205
32.0 223
45.0 222
34.0 281
45.0 267
35.0 362
43.0 326
35.0 340
35.0 243
41.0 245
40.0 299
37.0 341
38.0 287
40.0 206
39.0 246
39.0 360
46.0 355
25.0 386
32.0 372
28.0 259
42.0 391
34.0 214
35.0 314
23.0 240
45.0 212
24.0 369
36.0 366
34.0 220
43.0 344
27.0 322
29.0 374
43.0 361
40.0 389
26.0 350
41.0 329
32.0 310
35.0 302
45.0 266
39.0 257
27.0 275
46.0 318
24.0 226
39.0 248
26.0 368
42.0 258
31.0 380
38.0 318
34.0 333
28.0 318
46.0 382
24.0 244
41.0 219
39.0 265
43.0 315
41.0 214
24.0 309
25.0 237
29.0 262
34.0 350
25.0 371
39.0 271
28.0 258
33.0 395
29.0 215
23.0 319
38.0 338
44.0 298
30.0 389
25.0 385
36.0 321
33.0 248
23.0 328
37.0 279
24.0 206
26.0 370
41.0 223
32.0 284
36.0 295
45.0 269
45.0 376
29.0 261
24.0 305
28.0 211
31.0 314
47.0 363
23.0 325
42.0 364
29.0 320
35.0 263
32.0 324
40.0 308
27.0 232
30.0 306
25.0 256
44.0 287
25.0 227
29.0 243
24.0 390
25.0 301
38.0 257
33.0 301
32.0 203
41.0 243
41.0 265
44.0 303
37.0 366
27.0 371
42.0 250
42.0 260
29.0 325
23.0 255
30.0 251
33.0 363
27.0 393
33.0 304
37.0 303
43.0 331
33.0 228
24.0 235
24.0 287
46.0 233
31.0 223
27.0 308
42.0 326
44.0 352
36.0 241
38.0 308
33.0 399
42.0 203
46.0 268
27.0 365
34.0 354
36.0 330
26.0 240
31.0 278
28.0 330
36.0 224
31.0 292
32.0 219
30.0 230
42.0 379
30.0 363
36.0 251
27.0 374
46.0 209
34.0 359
33.0 268
30.0 337
29.0 362
24.0 313
24.0 203
39.0 389
33.0 314
27.0 396
41.0 213
36.0 356
30.0 321
41.0 287
36.0 200
25.0 373
42.0 263
25.0 383
29.0 256
24.0 321
41.0 252
26.0 201
34.0 260
25.0 385
28.0 348
36.0 352
46.0 336
24.0 315
24.0 329
46.0 327
30.0 327
44.0 341
35.0 352
46.0 241
47.0 377
39.0 364
44.0 275
39.0 392
27.0 384
31.0 347
45.0 291
32.0 306
25.0 266
27.0 332
46.0 363
40.0 248
43.0 361
30.0 374
36.0 231
30.0 280
45.0 265
37.0 347
40.0 202
33.0 347
34.0 373
23.0 355
37.0 202
24.0 294
45.0 248
26.0 256
46.0 385
34.0 383
32.0 394
32.0 288
24.0 270
23.0 280
32.0 287
35.0 303
36.0 383
37.0 352
26.0 326
39.0 289
40.0 283
37.0 362
36.0 384
43.0 331
26.0 345
26.0 231
35.0 255
27.0 325
24.0 213
39.0 327
36.0 354
37.0 398
27.0 329
45.0 370
26.0 258
35.0 204
29.0 319
24.0 342
30.0 232
25.0 398
30.0 389
36.0 284
31.0 219
41.0 323
28.0 304
25.0 203
45.0 241
42.0 290
25.0 303
33.0 235
35.0 226
45.0 340
44.0 370
24.0 291
25.0 251
33.0 325
30.0 257
39.0 275
29.0 242
38.0 336
27.0 334
37.0 259
27.0 242
38.0 271
41.0 258
28.0 264
33.0 268
39.0 372
40.0 269
27.0 372
29.0 349
43.0 286
29.0 253
47.0 264
47.0 258
34.0 302
35.0 285
33.0 399
27.0 250
43.0 230
37.0 360
39.0 357
30.0 311
37.0 317
27.0 293
31.0 326
27.0 211
36.0 210
46.0 316
30.0 399
44.0 264
33.0 302
23.0 365
34.0 211
31.0 329
42.0 308
35.0 237
42.0 212
25.0 364
33.0 351
42.0 391
36.0 292
35.0 226
43.0 278
24.0 281
30.0 271
42.0 329
25.0 367
47.0 387
24.0 212
45.0 303
37.0 338
29.0 383
41.0 319
39.0 390
25.0 293
35.0 230
27.0 268
28.0 284
31.0 266
36.0 394
35.0 358
40.0 230
27.0 296
38.0 297
24.0 248
27.0 258
36.0 236
30.0 227
38.0 239
42.0 363
34.0 308
41.0 244
34.0 345
27.0 210
25.0 238
44.0 238
34.0 246
31.0 331
40.0 211
37.0 383
28.0 350
26.0 377
27.0 387
46.0 374
25.0 283
45.0 339
34.0 271
42.0 292
38.0 217
42.0 375
25.0 368
25.0 249
34.0 296
35.0 300
39.0 227
40.0 319
36.0 382
45.0 238
27.0 361
36.0 352
39.0 226
41.0 245
36.0 358
24.0 319
46.0 213
31.0 208
37.0 350
38.0 245
37.0 290
44.0 249
30.0 346
42.0 324
32.0 313
37.0 322
40.0 329
32.0 358
41.0 275
31.0 350
46.0 230
24.0 365
34.0 357
33.0 273
29.0 385
46.0 251
43.0 360
27.0 362
35.0 288
28.0 331
41.0 269
36.0 328
37.0 223
46.0 330
28.0 280
30.0 376
45.0 394
45.0 300
26.0 361
26.0 226
30.0 231
41.0 358
29.0 318
45.0 390
33.0 369
34.0 395
37.0 269
38.0 347
43.0 330
45.0 248
29.0 291
36.0 372
29.0 312
25.0 327
43.0 340
33.0 374
30.0 316
43.0 267
44.0 286
30.0 291
27.0 250
34.0 218
46.0 252
34.0 296
37.0 203
37.0 352
33.0 267
44.0 337
46.0 215
27.0 241
36.0 253
37.0 239
38.0 258
40.0 320
28.0 279
25.0 322
46.0 213
27.0 230
42.0 323
43.0 384
29.0 253
45.0 248
30.0 248
35.0 300
40.0 338
25.0 329
31.0 380
35.0 309
39.0 225
27.0 224
24.0 396
45.0 376
25.0 208
30.0 322
43.0 346
43.0 324
26.0 267
33.0 398
35.0 310
39.0 262
26.0 284
36.0 246
41.0 266
39.0 340
35.0 252
31.0 400
39.0 269
34.0 371
32.0 351
40.0 389
38.0 339
45.0 259
30.0 294
45.0 284
25.0 375
34.0 266
33.0 382
26.0 265
46.0 388
33.0 323
28.0 383
41.0 238
38.0 399
45.0 388
41.0 312
41.0 250
47.0 389
37.0 386
40.0 370
44.0 206
27.0 286
26.0 394
43.0 278
40.0 283
42.0 297
32.0 235
43.0 272
43.0 375
42.0 304
36.0 263
34.0 284
41.0 352
35.0 276
40.0 294
24.0 375
23.0 306
30.0 365
44.0 249
41.0 237
40.0 349
30.0 336
32.0 316
32.0 311
27.0 226
36.0 266
38.0 300
40.0 283
27.0 277
45.0 328
34.0 389
46.0 327
31.0 369
42.0 278
42.0 358
34.0 241
44.0 341
32.0 221
35.0 234
44.0 314
42.0 328
37.0 212
43.0 302
30.0 302
38.0 326
37.0 375
44.0 253
35.0 273
32.0 220
31.0 394
24.0 303
40.0 302
39.0 259
44.0 305
31.0 358
27.0 213
26.0 322
39.0 263
37.0 398
34.0 220
33.0 245
26.0 287
47.0 348
44.0 326
47.0 288
47.0 286
24.0 378
46.0 267
27.0 321
39.0 243
30.0 317
28.0 258
41.0 374
35.0 266
39.0 338
31.0 233
27.0 398
33.0 272
45.0 269
33.0 223
41.0 314
30.0 214
30.0 307
40.0 224
36.0 284
30.0 246
46.0 203
29.0 393
38.0 293
39.0 337
34.0 318
33.0 326
34.0 251
37.0 373
24.0 225
31.0 285
27.0 231
33.0 335
29.0 353
36.0 230
38.0 385
38.0 292
34.0 326
33.0 332
41.0 377
36.0 241
40.0 389
26.0 249
29.0 246
42.0 398
34.0 313
41.0 290
28.0 371
46.0 205
35.0 277
39.0 385
35.0 351
37.0 260
29.0 206
42.0 311
36.0 202
45.0 231
27.0 322
45.0 272
31.0 207
46.0 382
24.0 303
28.0 363
25.0 271
30.0 225
44.0 327
26.0 258
41.0 373
27.0 209
41.0 301
38.0 223
43.0 245
28.0 388
33.0 277
34.0 311
41.0 267
40.0 361
46.0 389
43.0 293
39.0 292
23.0 289
34.0 276
42.0 398
44.0 312
44.0 383
30.0 306
24.0 362
24.0 206
37.0 202
24.0 208
32.0 395
40.0 335
39.0 244
45.0 243
47.0 266
39.0 271
39.0 355
38.0 343
29.0 331
45.0 246
35.0 264
45.0 389
39.0 253
39.0 344
26.0 355
26.0 349
44.0 394
26.0 233
44.0 399
37.0 297
24.0 260
38.0 254
38.0 280
33.0 313
36.0 282
31.0 242
45.0 211
43.0 321
31.0 221
39.0 288
40.0 250
39.0 267
33.0 356
26.0 375
35.0 298
29.0 275
24.0 276
27.0 267
45.0 223
28.0 300
24.0 339
26.0 224
33.0 291
27.0 337
33.0 299
35.0 227
39.0 249
36.0 276
32.0 379
46.0 355
31.0 394
23.0 325
38.0 236
31.0 252
25.0 203
28.0 225
30.0 238
44.0 318
31.0 300
24.0 242
25.0 315
24.0 389
38.0 362
30.0 217
27.0 234
33.0 233
27.0 252
33.0 355
32.0 375
39.0 264
32.0 240
27.0 367
41.0 344
36.0 220
39.0 251
24.0 291
42.0 235
27.0 338
28.0 341
23.0 243
45.0 328
31.0 359
27.0 308
46.0 386
31.0 246
40.0 348
30.0 260
37.0 298
38.0 344
45.0 231
42.0 330
37.0 376
34.0 242
33.0 335
38.0 257
39.0 226
23.0 202
28.0 204
38.0 365
25.0 258
41.0 210
44.0 260
41.0 245
31.0 281
27.0 370
28.0 250
26.0 330
31.0 292
43.0 330
35.0 325
39.0 384
25.0 312
36.0 334
38.0 390
44.0 242
42.0 275
45.0 226
39.0 312
28.0 306
32.0 275
37.0 201
27.0 304
47.0 308
34.0 220
31.0 369
45.0 263
32.0 390
37.0 220
37.0 214
34.0 203
30.0 315
29.0 262
44.0 235
25.0 349
38.0 225
47.0 298
45.0 234
44.0 299
45.0 346
27.0 281
42.0 207
29.0 200
23.0 373
34.0 254
30.0 340
41.0 293
44.0 204
31.0 242
31.0 278
28.0 326
27.0 396
29.0 233
28.0 221
40.0 231
41.0 380
42.0 317
39.0 311
25.0 205
30.0 353
42.0 230
40.0 240
38.0 385
23.0 257
43.0 303
34.0 349
46.0 381
26.0 362
46.0 375
45.0 363
34.0 284
36.0 374
45.0 315
32.0 370
30.0 216
28.0 211
39.0 205
24.0 390
36.0 359
34.0 292
45.0 212
40.0 349
40.0 277
40.0 308
29.0 370
25.0 349
25.0 295
46.0 211
36.0 379
25.0 200
37.0 228
44.0 317
25.0 215
42.0 323
35.0 395
26.0 315
28.0 307
33.0 303
37.0 326
43.0 291
39.0 395
28.0 245
36.0 314
33.0 323
38.0 251
30.0 395
41.0 204
29.0 221
32.0 379
40.0 238
47.0 306
28.0 250
35.0 288
23.0 220
39.0 252
37.0 240
46.0 325
40.0 387
30.0 215
30.0 395
42.0 327
41.0 257
35.0 330
46.0 285
29.0 244
24.0 396
25.0 326
34.0 258
41.0 232
41.0 224
42.0 310
34.0 329
24.0 375
23.0 341
34.0 362
41.0 239
39.0 340
45.0 206
43.0 363
34.0 253
35.0 275
29.0 277
30.0 229
26.0 281
29.0 379
32.0 224
31.0 206
33.0 313
24.0 266
42.0 384
34.0 315
30.0 397
40.0 397
33.0 346
41.0 319
35.0 337
30.0 331
26.0 329
40.0 375
29.0 391
42.0 342
36.0 351
35.0 380
27.0 317
29.0 224
30.0 287
32.0 266
41.0 391
35.0 331
35.0 284
33.0 248
34.0 291
39.0 338
32.0 268
45.0 283
26.0 271
40.0 275
46.0 380
43.0 357
31.0 241
36.0 387
46.0 345
46.0 380
41.0 351
32.0 256
35.0 391
40.0 287
47.0 306
42.0 292
30.0 345
42.0 261
45.0 351
41.0 265
24.0 355
28.0 263
30.0 266
32.0 397
25.0 221
35.0 377
34.0 316
37.0 352
40.0 359
32.0 398
38.0 350
24.0 291
27.0 367
26.0 388
27.0 220
46.0 252
45.0 326
45.0 345
33.0 283
28.0 223
41.0 278
25.0 250
44.0 369
28.0 281
43.0 252
32.0 300
36.0 278
47.0 232
35.0 374
28.0 297
31.0 343
42.0 211
28.0 309
29.0 277
31.0 211
32.0 380
29.0 293
38.0 375
46.0 218
27.0 397
47.0 282
30.0 365
35.0 211
26.0 386
37.0 352
34.0 247
31.0 362
47.0 307
26.0 310
35.0 370
35.0 272
41.0 279
25.0 393
43.0 225
28.0 225
25.0 346
29.0 351
33.0 247
40.0 272
35.0 216
29.0 315
25.0 383
44.0 283
32.0 283
30.0 295
37.0 277
35.0 226
43.0 390
28.0 306
28.0 277
46.0 354
26.0 375
33.0 371
42.0 260
41.0 340
35.0 232
37.0 220
24.0 375
23.0 308
29.0 393
39.0 292
43.0 384
30.0 393
44.0 310
41.0 370
34.0 303
27.0 385
37.0 390
38.0 241
38.0 201
39.0 260
31.0 328
29.0 339
35.0 366
31.0 219
24.0 340
24.0 344
44.0 335
41.0 244
36.0 334
40.0 377
36.0 267
35.0 244
39.0 222
27.0 212
25.0 290
35.0 324
35.0 258
33.0 319
36.0 317
24.0 328
45.0 227
27.0 314
43.0 324
41.0 254
26.0 325
26.0 313
32.0 389
28.0 285
43.0 355
31.0 310
40.0 211
30.0 374
41.0 234
26.0 367
38.0 243
34.0 222
44.0 351
44.0 221
27.0 388
43.0 210
25.0 251
26.0 289
46.0 214
34.0 206
25.0 215
29.0 291
38.0 227
42.0 291
25.0 345
26.0 358
39.0 233
35.0 223
25.0 267
41.0 394
40.0 230
43.0 273
40.0 253
31.0 231
39.0 270
30.0 331
33.0 298
41.0 378
42.0 323
46.0 204
30.0 206
44.0 271
40.0 241
40.0 339
43.0 314
32.0 363
43.0 270
45.0 275
32.0 281
27.0 272
36.0 344
29.0 204
30.0 352
46.0 302
27.0 264
47.0 389
30.0 394
25.0 317
44.0 336
36.0 226
37.0 240
42.0 400
29.0 252
25.0 292
27.0 254
29.0 231
38.0 351
36.0 214
45.0 262
29.0 342
24.0 359
27.0 321
42.0 335
45.0 354
35.0 349
41.0 302
30.0 299
36.0 257
42.0 394
30.0 288
44.0 329
41.0 214
45.0 310
28.0 255
45.0 380
42.0 243
29.0 307
24.0 327
23.0 324
38.0 303
35.0 365
33.0 282
28.0 373
38.0 329
41.0 272
36.0 341
43.0 321
34.0 352
25.0 291
37.0 353
33.0 251
39.0 273
37.0 366
32.0 290
33.0 210
25.0 382
47.0 282
30.0 311
43.0 232
38.0 290
40.0 329
29.0 391
23.0 377
27.0 219
26.0 282
45.0 228
24.0 277
25.0 321
37.0 234
28.0 275
28.0 303
30.0 369
23.0 292
26.0 280
46.0 356
27.0 301
39.0 387
32.0 306
30.0 375
34.0 353
24.0 268
32.0 296
30.0 291
31.0 201
45.0 382
41.0 293
29.0 369
42.0 211
27.0 223
46.0 320
46.0 257
37.0 246
37.0 265
29.0 364
34.0 308
36.0 291
40.0 317
28.0 285
44.0 279
45.0 281
38.0 239
37.0 384
35.0 258
32.0 320
39.0 330
42.0 240
45.0 375
34.0 339
33.0 399
38.0 281
40.0 324
36.0 319
31.0 359
38.0 219
26.0 272
44.0 312
35.0 300
47.0 241
35.0 272
24.0 353
34.0 320
34.0 328
37.0 275
33.0 288
23.0 341
32.0 206
47.0 255
30.0 231
42.0 302
30.0 271
27.0 279
32.0 350
41.0 373
30.0 302
39.0 343
45.0 388
47.0 324
30.0 352
41.0 285
24.0 382
35.0 214
41.0 255
31.0 248
30.0 210
47.0 222
40.0 368
42.0 385
29.0 217
38.0 384
45.0 280
34.0 322
44.0 242
31.0 346
46.0 362
40.0 313
33.0 326
47.0 392
28.0 254
27.0 226
34.0 218
29.0 365
33.0 369
31.0 375
41.0 327
36.0 326
39.0 399
44.0 315
39.0 268
32.0 387
44.0 258
38.0 320
44.0 388
40.0 360
34.0 351
38.0 317
41.0 207
39.0 222
33.0 336
29.0 318
35.0 253
32.0 301
30.0 280
36.0 237
42.0 236
44.0 341
47.0 339
44.0 209
30.0 273
42.0 285
26.0 345
30.0 359
26.0 330
46.0 223
42.0 267
29.0 349
32.0 287
44.0 216
29.0 395
47.0 265
34.0 287
25.0 378
35.0 333
42.0 358
27.0 210
31.0 391
44.0 299
25.0 228
24.0 348
29.0 398
32.0 319
44.0 220
25.0 308
35.0 234
41.0 342
33.0 298
29.0 346
36.0 281
25.0 275
26.0 363
29.0 368
33.0 362
46.0 398
42.0 303
37.0 261
36.0 226
27.0 213
24.0 332
38.0 300
33.0 282
30.0 389
38.0 319
34.0 233
39.0 370
24.0 209
47.0 271
46.0 223
45.0 290
36.0 278
39.0 211
28.0 311
45.0 278
47.0 234
47.0 219
26.0 231
35.0 337
30.0 262
47.0 241
41.0 331
27.0 351
44.0 258
25.0 290
29.0 215
28.0 237
43.0 270
29.0 208
40.0 261
26.0 237
46.0 294
29.0 241
38.0 267
36.0 385
29.0 299
25.0 394
35.0 246
28.0 352
30.0 340
24.0 352
33.0 344
24.0 306
42.0 303
24.0 310
27.0 286
40.0 273
37.0 207
27.0 269
37.0 295
43.0 203
28.0 268
24.0 354
25.0 233
39.0 225
40.0 260
35.0 286
38.0 299
41.0 206
36.0 224
31.0 273
46.0 341
43.0 227
24.0 333
34.0 370
25.0 206
25.0 262
45.0 364
38.0 341
30.0 348
41.0 326
39.0 233
34.0 361
27.0 323
44.0 362
45.0 351
35.0 369
43.0 203
39.0 228
39.0 231
33.0 261
34.0 322
26.0 337
47.0 288
24.0 269
27.0 323
29.0 285
33.0 338
34.0 239
34.0 399
30.0 396
38.0 225
34.0 372
33.0 273
30.0 303
30.0 201
34.0 288
31.0 349
30.0 242
26.0 350
25.0 285
27.0 300
36.0 218
30.0 351
32.0 365
29.0 400
38.0 368
44.0 387
27.0 278
29.0 364
34.0 305
34.0 399
26.0 323
28.0 367
44.0 362
37.0 284
42.0 397
32.0 352
42.0 272
41.0 241
44.0 344
23.0 262
31.0 396
41.0 308
34.0 357
44.0 293
30.0 201
41.0 324
27.0 214
33.0 395
29.0 228
35.0 337
36.0 279
45.0 242
27.0 337
27.0 274
26.0 297
35.0 305
37.0 393
28.0 391
25.0 228
28.0 256
29.0 373
39.0 229
41.0 393
42.0 350
35.0 324
40.0 348
45.0 289
43.0 378
23.0 267
24.0 397
46.0 210
24.0 321
30.0 325
26.0 360
29.0 380
46.0 331
37.0 371
31.0 288
27.0 375
39.0 273
32.0 258
28.0 293
30.0 315
23.0 294
41.0 335
39.0 323
34.0 216
46.0 303
46.0 338
40.0 241
33.0 398
36.0 387
44.0 236
45.0 268
37.0 335
38.0 310
38.0 316
43.0 241
30.0 282
45.0 285
46.0 209
24.0 348
44.0 371
30.0 258
35.0 330
41.0 253
42.0 224
45.0 269
37.0 301
27.0 298
33.0 268
46.0 332
33.0 308
31.0 289
33.0 269
34.0 275
35.0 396
34.0 273
33.0 346
38.0 362
31.0 306
35.0 382
33.0 289
31.0 208
42.0 288
46.0 356
44.0 295
38.0 273
24.0 266
44.0 362
29.0 217
27.0 369
42.0 279
24.0 385
43.0 206
43.0 377
32.0 325
44.0 203
24.0 386
38.0 246
43.0 204
30.0 398
42.0 244
40.0 232
34.0 304
24.0 211
46.0 333
36.0 303
40.0 351
41.0 201
31.0 384
33.0 237
23.0 274
38.0 364
38.0 397
33.0 257
40.0 316
26.0 370
40.0 268
34.0 271
31.0 263
28.0 395
43.0 265
36.0 330
25.0 277
46.0 311
43.0 373
35.0 359
46.0 213
36.0 348
37.0 260
32.0 293
43.0 211
27.0 206
27.0 385
35.0 314
25.0 387
44.0 281
41.0 356
46.0 230
31.0 252
29.0 257
45.0 374
46.0 329
24.0 264
29.0 357
34.0 391
36.0 357
24.0 288
46.0 349
24.0 365
35.0 344
26.0 334
34.0 384
46.0 277
32.0 335
46.0 361
23.0 349
31.0 314
33.0 304
45.0 225
44.0 272
44.0 227
26.0 206
44.0 375
23.0 283
29.0 261
24.0 332
39.0 213
43.0 218
30.0 220
30.0 330
47.0 336
43.0 329
36.0 275
43.0 291
41.0 201
40.0 336
42.0 357
42.0 227
45.0 394
41.0 346
25.0 379
42.0 225
39.0 381
41.0 345
40.0 377
30.0 327
23.0 223
28.0 238
27.0 345
32.0 392
43.0 354
36.0 216
38.0 383
46.0 206
40.0 302
34.0 254
37.0 205
39.0 377
36.0 368
28.0 379
41.0 206
27.0 265
45.0 330
24.0 271
24.0 324
25.0 376
42.0 264
39.0 213
26.0 341
34.0 315
26.0 351
43.0 317
29.0 343
43.0 205
30.0 385
39.0 266
28.0 260
23.0 258
37.0 258
25.0 345
41.0 283
23.0 212
36.0 394
26.0 230
35.0 325
40.0 227
37.0 279
27.0 360
24.0 269
45.0 378
29.0 398
35.0 374
47.0 290
30.0 352
41.0 231
45.0 380
24.0 391
28.0 376
40.0 338
30.0 369
46.0 360
32.0 239
37.0 313
25.0 229
31.0 207
25.0 255
32.0 386
26.0 372
27.0 306
33.0 303
43.0 246
27.0 301
28.0 316
27.0 396
32.0 269
35.0 274
27.0 207
43.0 278
25.0 332
32.0 339
31.0 278
40.0 298
46.0 344
38.0 255
32.0 326
40.0 359
41.0 332
37.0 372
41.0 267
33.0 323
30.0 370
23.0 305
31.0 252
41.0 336
41.0 232
30.0 293
44.0 217
27.0 256
26.0 270
32.0 324
35.0 287
41.0 314
29.0 250
31.0 390
37.0 260
30.0 397
26.0 312
45.0 352
29.0 351
28.0 380
25.0 273
43.0 226
44.0 382
33.0 364
31.0 357
44.0 336
36.0 369
29.0 377
33.0 324
28.0 326
30.0 285
30.0 240
33.0 304
28.0 331
35.0 396
46.0 333
33.0 239
46.0 219
41.0 378
28.0 349
43.0 269
31.0 384
38.0 315
30.0 364
27.0 288
45.0 295
40.0 382
30.0 400
29.0 314
46.0 222
43.0 239
38.0 364
46.0 276
23.0 399
46.0 237
30.0 243
33.0 242
46.0 373
29.0 286
36.0 201
26.0 232
31.0 226
25.0 398
40.0 271
24.0 216
44.0 261
39.0 255
29.0 256
39.0 272
47.0 365
28.0 292
28.0 375
43.0 294
39.0 313
26.0 373
30.0 280
40.0 221
35.0 247
30.0 212
32.0 207
41.0 396
32.0 347
45.0 212
35.0 387
45.0 228
41.0 240
25.0 316
39.0 332
36.0 316
40.0 350
34.0 324
37.0 371
28.0 283
45.0 310
43.0 217
37.0 250
34.0 260
40.0 285
32.0 370
41.0 302
34.0 270
28.0 248
46.0 263
42.0 320
24.0 200
25.0 216
30.0 334
27.0 282
37.0 344
24.0 240
23.0 371
43.0 334
33.0 376
32.0 341
23.0 296
32.0 266
24.0 388
39.0 255
34.0 347
36.0 324
28.0 357
31.0 258
25.0 348
30.0 261
32.0 286
34.0 379
46.0 315
29.0 292
25.0 217
30.0 219
31.0 232
46.0 367
42.0 207
41.0 285
24.0 278
33.0 320
23.0 315
46.0 371
45.0 227
24.0 287
44.0 318
24.0 203
36.0 345
27.0 320
39.0 393
38.0 388
44.0 292
33.0 373
31.0 236
34.0 369
23.0 389
27.0 378
27.0 336
46.0 384
27.0 333
32.0 241
26.0 240
38.0 251
38.0 203
37.0 354
37.0 293
34.0 364
23.0 273
33.0 232
35.0 264
36.0 372
23.0 355
30.0 299
45.0 226
33.0 339
41.0 300
41.0 240
26.0 257
44.0 356
46.0 219
46.0 300
46.0 254
27.0 357
34.0 390
24.0 210
29.0 280
44.0 225
31.0 279
28.0 349
43.0 393
46.0 230
38.0 258
27.0 308
40.0 262
42.0 370
40.0 316
25.0 394
32.0 254
32.0 225
40.0 258
44.0 346
29.0 256
34.0 294
46.0 219
42.0 347
37.0 374
45.0 267
34.0 296
32.0 257
31.0 326
29.0 329
34.0 288
38.0 395
32.0 398
30.0 268
25.0 231
38.0 227
39.0 260
42.0 330
27.0 387
24.0 375
36.0 323
45.0 213
41.0 243
42.0 388
43.0 380
36.0 305
41.0 254
24.0 284
26.0 378
27.0 352
44.0 296
31.0 257
38.0 388
27.0 299
40.0 254
28.0 363
35.0 324
27.0 268
46.0 360
33.0 270
33.0 285
29.0 226
26.0 321
30.0 356
44.0 342
38.0 392
28.0 346
25.0 251
40.0 214
41.0 344
43.0 270
38.0 373
38.0 361
46.0 348
43.0 331
33.0 294
29.0 293
24.0 374
40.0 311
35.0 299
34.0 314
30.0 213
29.0 336
39.0 204
32.0 355
34.0 266
29.0 358
23.0 300
32.0 341
29.0 321
29.0 390
44.0 221
24.0 399
44.0 263
23.0 373
28.0 324
37.0 346
44.0 293
30.0 215
34.0 265
27.0 376
36.0 202
26.0 208
41.0 271
43.0 341
34.0 284
26.0 355
26.0 315
43.0 282
44.0 219
24.0 224
46.0 219
39.0 362
33.0 377
46.0 360
35.0 284
45.0 271
41.0 279
37.0 216
35.0 208
44.0 232
30.0 260
37.0 269
25.0 223
34.0 380
31.0 397
28.0 332
46.0 220
33.0 206
34.0 277
46.0 298
31.0 332
31.0 290
29.0 293
23.0 336
39.0 400
35.0 284
26.0 376
44.0 272
28.0 349
25.0 270
30.0 363
36.0 214
37.0 337
30.0 256
40.0 243
29.0 214
25.0 364
40.0 337
38.0 349
37.0 288
41.0 228
45.0 392
32.0 308
30.0 242
44.0 334
25.0 293
42.0 226
47.0 261
40.0 208
32.0 311
30.0 373
39.0 313
47.0 242
44.0 392
24.0 316
24.0 362
40.0 318
43.0 352
32.0 264
39.0 369
29.0 303
38.0 242
36.0 374
35.0 325
30.0 231
32.0 370
43.0 288
44.0 387
46.0 348
24.0 316
33.0 344
27.0 285
40.0 289
37.0 283
33.0 343
25.0 323
42.0 365
46.0 350
37.0 258
29.0 394
45.0 296
35.0 348
38.0 339
37.0 296
42.0 384
39.0 355
42.0 396
32.0 208
35.0 215
24.0 383
45.0 214
34.0 386
34.0 349
36.0 347
44.0 298
26.0 393
25.0 300
33.0 358
42.0 357
25.0 246
30.0 294
33.0 327
39.0 222
37.0 271
42.0 263
33.0 330
40.0 295
45.0 204
43.0 397
28.0 379
34.0 287
27.0 207
37.0 375
47.0 231
28.0 350
32.0 388
37.0 353
41.0 359
32.0 322
46.0 304
36.0 377
32.0 266
25.0 325
26.0 213
32.0 260
40.0 375
29.0 358
24.0 351
27.0 398
32.0 326
36.0 257
44.0 371
32.0 371
30.0 391
41.0 375
39.0 235
23.0 290
34.0 216
37.0 297
34.0 291
34.0 258
42.0 261
30.0 361
37.0 264
31.0 380
46.0 367
29.0 277
44.0 327
25.0 234
37.0 232
44.0 315
42.0 212
25.0 331
42.0 220
32.0 315
34.0 350
36.0 213
41.0 203
38.0 221
38.0 274
24.0 251
37.0 250
39.0 298
43.0 281
24.0 356
37.0 236
44.0 363
23.0 282
29.0 223
23.0 375
30.0 316
33.0 270
35.0 222
45.0 380
27.0 280
24.0 351
47.0 219
26.0 219
43.0 269
37.0 244
47.0 267
30.0 282
25.0 241
24.0 313
36.0 328
28.0 330
42.0 219
38.0 357
24.0 206
32.0 203
29.0 394
29.0 393
26.0 370
40.0 279
42.0 280
38.0 329
25.0 317
37.0 216
26.0 207
40.0 315
37.0 272
25.0 349
45.0 373
43.0 215
26.0 310
46.0 218
30.0 263
35.0 225
37.0 268
24.0 286
40.0 284
24.0 395
39.0 365
43.0 370
42.0 268
45.0 374
39.0 361
40.0 207
36.0 290
40.0 215
39.0 376
46.0 352
28.0 265
40.0 335
40.0 372
36.0 365
40.0 391
30.0 221
25.0 330
34.0 223
29.0 268
39.0 359
41.0 348
24.0 311
23.0 272
43.0 226
38.0 385
42.0 296
40.0 261
27.0 379
23.0 295
42.0 357
24.0 210
26.0 327
34.0 292
27.0 342
40.0 326
25.0 257
29.0 229
37.0 400
30.0 381
46.0 274
24.0 296
31.0 337
41.0 239
43.0 231
26.0 255
27.0 292
30.0 347
43.0 329
31.0 259
39.0 389
39.0 314
23.0 276
47.0 383
30.0 266
44.0 390
31.0 309
34.0 302
27.0 377
26.0 223
31.0 327
45.0 224
29.0 298
42.0 384
32.0 341
24.0 355
29.0 316
34.0 236
46.0 318
43.0 203
26.0 295
23.0 292
25.0 397
39.0 225
46.0 341
25.0 217
31.0 331
23.0 397
29.0 360
33.0 244
27.0 244
41.0 304
30.0 345
45.0 226
43.0 363
23.0 231
39.0 243
40.0 279
31.0 236
25.0 280
38.0 258
26.0 343
40.0 305
26.0 241
42.0 336
30.0 392
39.0 291
33.0 208
43.0 381
29.0 247
43.0 399
35.0 274
24.0 341
24.0 331
34.0 271
40.0 400
33.0 227
40.0 203
37.0 375
44.0 352
36.0 267
34.0 233
43.0 385
31.0 257
42.0 287
43.0 400
34.0 303
39.0 313
28.0 290
40.0 321
32.0 231
46.0 382
30.0 392
24.0 384
38.0 211
45.0 208
38.0 302
44.0 354
40.0 234
42.0 358
38.0 356
38.0 320
36.0 236
45.0 400
25.0 227
46.0 394
27.0 380
31.0 258
31.0 227
24.0 335
37.0 208
30.0 238
40.0 279
33.0 322
47.0 218
46.0 241
35.0 340
25.0 397
27.0 390
27.0 398
45.0 273
24.0 306
31.0 375
36.0 290
28.0 362
45.0 323
35.0 221
44.0 336
45.0 335
35.0 312
41.0 388
26.0 289
46.0 379
32.0 341
29.0 374
24.0 315
43.0 238
42.0 353
42.0 399
37.0 323
40.0 269
26.0 231
30.0 204
36.0 333
43.0 231
44.0 221
35.0 258
42.0 315
40.0 338
24.0 245
39.0 217
24.0 291
36.0 277
28.0 224
37.0 349
44.0 379
29.0 215
37.0 211
39.0 255
36.0 397
43.0 250
26.0 307
27.0 307
43.0 348
36.0 372
44.0 271
24.0 339
23.0 273
33.0 327
37.0 302
37.0 384
42.0 255
30.0 383
45.0 274
28.0 206
36.0 354
30.0 213
29.0 266
38.0 393
27.0 380
43.0 300
35.0 203
47.0 313
38.0 371
37.0 265
46.0 216
29.0 353
45.0 258
26.0 324
43.0 335
37.0 260
28.0 348
36.0 392
26.0 308
25.0 280
30.0 290
36.0 263
34.0 366
32.0 322
33.0 376
43.0 319
29.0 282
28.0 227
42.0 356
25.0 308
31.0 276
34.0 213
31.0 334
34.0 370
34.0 264
32.0 226
47.0 227
33.0 232
37.0 352
34.0 341
26.0 321
31.0 389
33.0 399
28.0 247
41.0 350
33.0 361
31.0 265
28.0 241
43.0 241
39.0 338
33.0 260
41.0 274
33.0 358
40.0 343
42.0 203
28.0 388
44.0 230
31.0 228
37.0 395
30.0 217
29.0 275
24.0 324
31.0 201
43.0 278
44.0 330
25.0 329
29.0 250
34.0 302
39.0 304
28.0 337
42.0 281
29.0 328
32.0 374
32.0 358
37.0 373
30.0 383
27.0 229
29.0 297
26.0 364
27.0 360
37.0 223
44.0 361
42.0 307
45.0 268
25.0 318
27.0 254
24.0 210
39.0 286
38.0 242
26.0 340
26.0 386
37.0 286
26.0 365
26.0 374
31.0 384
38.0 279
36.0 313
25.0 373
23.0 392
36.0 220
47.0 293
37.0 375
44.0 223
35.0 350
45.0 262
36.0 382
37.0 300
31.0 278
46.0 377
40.0 288
33.0 276
45.0 386
39.0 260
27.0 274
27.0 310
43.0 393
37.0 300
45.0 315
32.0 303
28.0 248
45.0 233
31.0 272
38.0 388
46.0 395
45.0 312
37.0 291
44.0 253
43.0 390
35.0 388
32.0 391
39.0 248
44.0 320
35.0 361
40.0 290
42.0 324
46.0 231
24.0 316
35.0 282
40.0 338
32.0 242
39.0 384
25.0 251
25.0 256
46.0 325
23.0 330
33.0 263
32.0 398
33.0 342
30.0 370
35.0 311
36.0 226
36.0 247
26.0 208
32.0 236
39.0 348
37.0 352
46.0 291
36.0 276
47.0 235
36.0 390
38.0 254
40.0 274
39.0 380
24.0 364
47.0 289
28.0 372
39.0 270
32.0 285
30.0 217
33.0 377
44.0 336
30.0 376
31.0 322
31.0 354
41.0 383
41.0 346
42.0 362
28.0 235
39.0 352
44.0 372
29.0 395
24.0 320
44.0 342
25.0 214
43.0 320
26.0 271
27.0 371
24.0 248
41.0 235
31.0 309
26.0 239
35.0 256
42.0 244
29.0 278
32.0 328
24.0 357
42.0 285
43.0 319
40.0 238
46.0 332
35.0 352
24.0 298
42.0 244
31.0 351
33.0 370
29.0 339
43.0 220
37.0 373
28.0 230
41.0 340
36.0 361
38.0 247
38.0 212
40.0 260
27.0 215
30.0 227
40.0 282
39.0 399
26.0 396
32.0 293
33.0 379
28.0 299
29.0 394
40.0 276
45.0 330
39.0 316
31.0 232
45.0 259
43.0 263
33.0 353
29.0 282
33.0 329
41.0 206
45.0 297
46.0 381
23.0 255
38.0 255
36.0 261
44.0 390
30.0 301
27.0 385
38.0 277
24.0 366
34.0 390
38.0 253
37.0 233
25.0 393
29.0 389
28.0 250
46.0 225
39.0 344
47.0 391
45.0 371
42.0 274
30.0 338
25.0 209
33.0 214
44.0 226
34.0 279
28.0 371
32.0 221
29.0 302
40.0 313
46.0 290
26.0 212
23.0 329
37.0 349
42.0 374
26.0 210
33.0 375
26.0 207
46.0 218
41.0 288
30.0 335
31.0 219
25.0 397
46.0 326
28.0 390
41.0 317
23.0 222
33.0 248
23.0 383
23.0 249
46.0 304
24.0 327
36.0 331
41.0 270
24.0 328
33.0 366
42.0 223
42.0 236
26.0 201
41.0 316
34.0 215
28.0 219
32.0 354
25.0 261
38.0 370
43.0 353
30.0 393
31.0 382
43.0 247
44.0 248
30.0 268
33.0 325
30.0 323
25.0 383
44.0 246
25.0 364
42.0 231
27.0 252
46.0 220
30.0 306
40.0 359
43.0 223
42.0 292
25.0 263
33.0 291
43.0 268
25.0 342
26.0 361
27.0 318
40.0 314
25.0 351
35.0 371
27.0 342
38.0 294
43.0 245
31.0 307
30.0 201
32.0 304
36.0 213
30.0 298
34.0 216
47.0 245
42.0 304
28.0 362
37.0 288
41.0 398
25.0 253
26.0 242
31.0 271
34.0 291
40.0 356
43.0 268
43.0 351
38.0 263
34.0 310
31.0 367
43.0 241
33.0 257
40.0 278
35.0 241
37.0 362
27.0 266
41.0 393
29.0 348
45.0 284
24.0 324
24.0 280
32.0 388
30.0 339
44.0 276
27.0 339
39.0 291
42.0 391
47.0 319
31.0 311
47.0 356
33.0 370
23.0 312
36.0 339
23.0 205
32.0 261
32.0 340
25.0 253
35.0 395
36.0 353
41.0 377
29.0 321
37.0 310
35.0 293
24.0 296
39.0 221
43.0 320
25.0 345
32.0 388
27.0 306
35.0 388
24.0 394
26.0 343
26.0 352
44.0 337
25.0 228
23.0 300
44.0 356
45.0 241
26.0 347
26.0 375
37.0 347
27.0 367
34.0 219
28.0 231
34.0 234
41.0 299
44.0 202
27.0 352
42.0 376
36.0 298
27.0 282
37.0 354
27.0 343
34.0 314
26.0 241
38.0 383
27.0 249
35.0 317
46.0 393
35.0 388
31.0 244
27.0 345
25.0 287
37.0 305
29.0 254
24.0 286
27.0 310
45.0 384
46.0 201
42.0 246
24.0 298
34.0 355
36.0 337
45.0 395
36.0 326
25.0 342
37.0 372
37.0 257
36.0 202
35.0 353
40.0 245
33.0 259
35.0 327
33.0 347
26.0 328
37.0 291
43.0 283
39.0 303
44.0 297
34.0 260
34.0 201
46.0 393
30.0 313
35.0 310
40.0 289
45.0 238
37.0 327
47.0 373
38.0 215
30.0 379
47.0 237
30.0 223
29.0 238
37.0 309
47.0 344
43.0 379
27.0 250
35.0 212
36.0 339
34.0 216
41.0 391
43.0 388
34.0 345
34.0 395
34.0 258
30.0 200
29.0 383
41.0 271
35.0 247
30.0 268
40.0 302
25.0 236
35.0 272
31.0 222
44.0 394
24.0 243
39.0 385
26.0 263
33.0 298
46.0 219
32.0 228
28.0 222
43.0 253
29.0 379
28.0 268
27.0 329
44.0 270
27.0 206
44.0 207
35.0 240
46.0 291
38.0 316
26.0 310
27.0 245
32.0 344
46.0 255
29.0 344
27.0 235
39.0 239
44.0 328
25.0 224
36.0 374
32.0 247
30.0 326
28.0 349
35.0 288
42.0 325
31.0 346
26.0 285
28.0 327
32.0 351
33.0 257
30.0 361
47.0 267
37.0 240
41.0 366
33.0 287
26.0 347
28.0 291
42.0 222
30.0 303
40.0 235
40.0 261
23.0 243
46.0 342
27.0 381
35.0 261
42.0 356
31.0 218
43.0 265
47.0 365
24.0 252
44.0 263
46.0 238
39.0 262
32.0 366
42.0 379
45.0 304
42.0 209
44.0 376
42.0 253
26.0 207
33.0 242
24.0 306
28.0 262
45.0 329
33.0 350
25.0 399
27.0 210
39.0 290
35.0 280
30.0 213
40.0 216
41.0 379
40.0 210
33.0 399
40.0 350
32.0 281
46.0 349
35.0 240
25.0 365
34.0 266
40.0 256
23.0 367
42.0 229
36.0 285
34.0 204
30.0 294
29.0 242
30.0 222
44.0 224
40.0 391
23.0 226
25.0 366
40.0 264
44.0 206
30.0 369
37.0 299
44.0 288
39.0 283
33.0 254
47.0 398
37.0 243
37.0 223
35.0 339
38.0 234
41.0 226
27.0 335
31.0 223
41.0 334
40.0 321
36.0 205
34.0 232
33.0 293
39.0 253
45.0 357
46.0 365
26.0 304
31.0 311
33.0 231
23.0 258
39.0 351
30.0 299
34.0 329
34.0 212
41.0 285
33.0 399
29.0 290
35.0 380
43.0 333
32.0 327
45.0 382
44.0 316
36.0 325
40.0 211
24.0 292
41.0 323
23.0 267
42.0 288
44.0 279
37.0 330
32.0 331
30.0 346
24.0 343
46.0 254
24.0 282
41.0 385
40.0 331
40.0 378
42.0 307
41.0 310
24.0 291
32.0 217
24.0 301
40.0 380
23.0 210
27.0 386
26.0 357
36.0 305
46.0 390
36.0 290
36.0 322
46.0 310
26.0 326
30.0 213
32.0 321
44.0 319
43.0 249
32.0 316
29.0 385
36.0 383
44.0 321
39.0 209
41.0 275
35.0 233
35.0 287
40.0 295
32.0 216
29.0 262
36.0 345
37.0 369
43.0 327
36.0 292
37.0 278
29.0 219
27.0 278
44.0 342
45.0 286
26.0 269
29.0 388
42.0 365
36.0 359
31.0 297
26.0 295
42.0 229
24.0 245
34.0 384
33.0 252
41.0 392
33.0 291
31.0 347
34.0 272
43.0 224
43.0 238
31.0 222
32.0 378
37.0 368
42.0 330
29.0 283
47.0 374
41.0 249
30.0 264
29.0 329
34.0 383
32.0 234
31.0 246
27.0 209
43.0 390
42.0 282
40.0 258
44.0 303
30.0 283
25.0 326
37.0 298
36.0 393
32.0 371
23.0 341
26.0 323
43.0 232
32.0 357
35.0 226
28.0 218
34.0 247
30.0 321
24.0 223
44.0 236
42.0 296
31.0 241
29.0 299
30.0 371
35.0 253
46.0 202
41.0 397
37.0 376
36.0 268
36.0 365
34.0 205
35.0 335
37.0 333
40.0 223
35.0 256
25.0 328
33.0 345
44.0 278
28.0 256
26.0 369
44.0 270
39.0 386
40.0 330
32.0 327
32.0 291
41.0 321
40.0 373
24.0 309
24.0 373
32.0 396
28.0 251
33.0 335
46.0 302
27.0 231
44.0 235
26.0 372
41.0 238
43.0 293
33.0 263
43.0 311
44.0 354
35.0 389
31.0 360
24.0 373
42.0 287
40.0 335
40.0 229
24.0 384
34.0 266
30.0 245
45.0 374
30.0 376
27.0 263
34.0 311
33.0 362
46.0 387
28.0 360
31.0 388
27.0 248
25.0 359
27.0 314
41.0 353
42.0 393
46.0 224
29.0 358
31.0 346
26.0 247
37.0 292
28.0 382
31.0 391
24.0 390
36.0 258
34.0 394
33.0 384
31.0 397
40.0 210
45.0 375
25.0 219
32.0 312
39.0 351
37.0 391
45.0 276
36.0 272
40.0 292
26.0 227
27.0 216
45.0 287
39.0 369
26.0 291
38.0 223
47.0 384
46.0 212
27.0 376
29.0 364
30.0 384
46.0 398
23.0 297
38.0 224
36.0 297
38.0 313
37.0 367
42.0 231
41.0 246
42.0 263
36.0 334
28.0 222
39.0 217
33.0 269
35.0 394
30.0 205
43.0 289
34.0 267
31.0 269
44.0 237
28.0 336
47.0 362
39.0 226
44.0 356
33.0 295
31.0 239
39.0 292
43.0 330
41.0 349
27.0 209
33.0 309
41.0 308
34.0 382
25.0 265
39.0 206
45.0 313
31.0 231
29.0 220
34.0 324
40.0 268
37.0 208
46.0 391
36.0 296
30.0 342
37.0 301
33.0 364
43.0 392
31.0 240
27.0 348
28.0 382
41.0 279
43.0 296
44.0 209
44.0 371
41.0 371
45.0 365
47.0 210
26.0 328
35.0 286
47.0 247
31.0 254
37.0 358
42.0 328
25.0 244
26.0 383
29.0 361
24.0 326
28.0 211
46.0 337
34.0 283
33.0 301
38.0 269
24.0 383
42.0 388
39.0 313
38.0 275
45.0 333
35.0 261
41.0 307
44.0 397
45.0 375
39.0 312
45.0 389
30.0 258
23.0 376
45.0 241
42.0 393
23.0 300
24.0 337
33.0 385
42.0 205
45.0 294
23.0 202
46.0 343
36.0 269
46.0 315
28.0 314
33.0 315
38.0 393
36.0 320
32.0 205
24.0 376
44.0 281
29.0 213
38.0 316
35.0 314
32.0 373
46.0 250
33.0 238
33.0 357
33.0 356
38.0 261
40.0 323
36.0 330
45.0 360
38.0 344
40.0 338
29.0 300
42.0 295
43.0 222
24.0 272
39.0 218
31.0 380
30.0 205
31.0 312
43.0 218
44.0 220
38.0 333
35.0 367
24.0 256
31.0 217
36.0 314
24.0 201
39.0 267
27.0 347
27.0 344
43.0 272
30.0 232
36.0 235
44.0 215
30.0 285
46.0 206
30.0 218
28.0 231
25.0 346
46.0 270
25.0 356
25.0 269
29.0 241
33.0 298
37.0 258
31.0 322
26.0 227
37.0 312
40.0 254
25.0 392
29.0 254
43.0 287
46.0 303
25.0 200
42.0 328
34.0 287
26.0 361
40.0 398
28.0 246
42.0 277
36.0 201
39.0 229
36.0 222
47.0 224
24.0 239
26.0 316
28.0 339
33.0 242
40.0 370
26.0 380
37.0 348
25.0 221
39.0 355
24.0 244
25.0 231
27.0 249
35.0 325
45.0 384
46.0 210
47.0 254
42.0 342
30.0 372
31.0 261
44.0 381
28.0 270
33.0 362
46.0 277
42.0 321
28.0 282
37.0 237
34.0 220
39.0 335
26.0 266
47.0 292
29.0 352
40.0 330
39.0 258
31.0 346
34.0 303
34.0 218
42.0 216
39.0 392
44.0 320
43.0 264
36.0 309
45.0 354
42.0 295
41.0 380
38.0 289
35.0 200
33.0 399
41.0 257
38.0 328
27.0 314
31.0 325
46.0 313
43.0 328
33.0 311
38.0 316
40.0 279
44.0 267
39.0 317
24.0 285
23.0 371
29.0 236
29.0 214
30.0 381
38.0 324
36.0 323
34.0 215
36.0 208
27.0 352
24.0 258
28.0 290
27.0 387
30.0 338
39.0 361
23.0 339
30.0 310
24.0 225
44.0 269
25.0 221
35.0 252
28.0 397
38.0 207
34.0 244
37.0 289
46.0 326
42.0 249
30.0 322
26.0 261
33.0 225
43.0 300
46.0 200
27.0 216
32.0 212
31.0 385
28.0 377
33.0 256
30.0 373
36.0 262
44.0 225
28.0 356
24.0 388
45.0 258
41.0 265
27.0 267
27.0 241
43.0 302
33.0 369
42.0 206
35.0 317
24.0 299
46.0 350
33.0 275
37.0 357
46.0 211
35.0 299
39.0 211
26.0 310
36.0 234
43.0 233
45.0 259
44.0 312
35.0 244
46.0 287
36.0 251
39.0 333
40.0 246
45.0 292
34.0 213
35.0 367
46.0 338
37.0 303
29.0 270
24.0 310
43.0 309
32.0 230
43.0 322
36.0 209
35.0 334
41.0 295
38.0 377
31.0 227
47.0 373
41.0 203
25.0 244
25.0 306
38.0 316
27.0 228
43.0 321
42.0 257
25.0 370
38.0 361
42.0 364
35.0 326
26.0 279
36.0 280
47.0 205
40.0 267
29.0 272
27.0 202
39.0 280
37.0 394
32.0 271
46.0 339
42.0 268
34.0 328
41.0 273
40.0 276
29.0 341
28.0 256
25.0 315
40.0 376
34.0 315
35.0 277
39.0 210
30.0 238
41.0 339
45.0 217
38.0 235
38.0 289
24.0 368
36.0 211
32.0 267
24.0 325
41.0 362
26.0 233
30.0 206
29.0 378
27.0 266
42.0 225
23.0 228
24.0 272
43.0 248
30.0 314
43.0 383
41.0 314
45.0 288
28.0 240
41.0 346
45.0 367
27.0 227
39.0 374
36.0 238
36.0 326
37.0 371
35.0 252
44.0 363
33.0 293
39.0 220
28.0 312
42.0 373
34.0 283
26.0 327
44.0 219
31.0 235
40.0 382
33.0 235
43.0 375
27.0 278
29.0 250
44.0 221
36.0 259
30.0 204
36.0 220
38.0 232
27.0 338
42.0 286
41.0 313
45.0 298
24.0 295
37.0 270
30.0 358
32.0 208
42.0 341
38.0 242
27.0 257
33.0 239
30.0 238
43.0 260
28.0 351
40.0 331
31.0 370
34.0 292
44.0 241
27.0 344
30.0 372
31.0 265
33.0 342
31.0 295
42.0 398
45.0 357
25.0 332
41.0 267
28.0 271
24.0 245
32.0 390
23.0 209
45.0 234
45.0 209
27.0 251
39.0 209
45.0 295
31.0 235
38.0 393
33.0 250
42.0 357
45.0 389
36.0 352
45.0 357
29.0 339
33.0 257
38.0 226
44.0 210
29.0 380
33.0 370
37.0 262
40.0 311
39.0 205
42.0 342
44.0 390
27.0 271
47.0 374
30.0 302
26.0 363
23.0 318
38.0 333
35.0 283
30.0 202
30.0 381
32.0 395
32.0 399
44.0 235
31.0 315
30.0 258
30.0 281
23.0 306
29.0 371
35.0 320
29.0 389
36.0 261
38.0 339
36.0 276
41.0 205
27.0 328
42.0 387
46.0 343
39.0 238
43.0 390
36.0 376
43.0 342
32.0 258
26.0 246
24.0 336
29.0 317
31.0 374
44.0 251
31.0 283
38.0 270
28.0 233
25.0 294
27.0 204
42.0 278
44.0 359
26.0 311
42.0 337
43.0 253
31.0 313
28.0 365
44.0 375
25.0 274
46.0 292
33.0 353
35.0 354
27.0 337
25.0 283
44.0 243
37.0 248
38.0 304
28.0 334
46.0 221
39.0 340
38.0 231
40.0 353
44.0 214
24.0 316
40.0 253
39.0 219
43.0 291
40.0 293
27.0 358
46.0 338
36.0 391
42.0 209
43.0 374
45.0 247
32.0 368
39.0 369
30.0 307
39.0 244
38.0 381
47.0 215
47.0 231
23.0 359
41.0 204
27.0 344
46.0 233
29.0 320
26.0 292
37.0 213
40.0 342
25.0 264
47.0 246
36.0 336
35.0 389
37.0 218
43.0 218
45.0 223
41.0 277
36.0 357
28.0 338
43.0 282
33.0 382
45.0 245
33.0 327
40.0 371
37.0 397
46.0 312
37.0 398
42.0 284
42.0 338
36.0 370
28.0 301
43.0 209
27.0 287
32.0 311
39.0 274
34.0 264
29.0 262
36.0 337
44.0 245
41.0 376
33.0 258
46.0 255
44.0 245
32.0 351
44.0 289
39.0 374
34.0 285
34.0 399
24.0 230
43.0 332
41.0 385
45.0 377
27.0 221
36.0 358
45.0 201
29.0 319
42.0 355
36.0 309
34.0 370
37.0 226
46.0 360
32.0 374
33.0 252
35.0 261
45.0 272
43.0 294
35.0 300
37.0 295
24.0 211
27.0 258
47.0 251
42.0 212
31.0 341
40.0 388
38.0 349
44.0 249
38.0 390
40.0 232
35.0 322
30.0 355
28.0 274
40.0 286
28.0 328
44.0 269
28.0 245
29.0 366
37.0 303
36.0 309
38.0 317
40.0 251
41.0 329
33.0 386
36.0 280
42.0 222
39.0 303
27.0 266
31.0 279
32.0 347
35.0 242
24.0 361
31.0 398
25.0 229
38.0 316
40.0 352
38.0 325
25.0 294
27.0 225
46.0 229
24.0 395
47.0 217
25.0 284
23.0 354
46.0 209
31.0 290
47.0 294
39.0 347
42.0 266
30.0 200
45.0 357
31.0 205
41.0 333
43.0 309
42.0 224
23.0 296
43.0 218
24.0 385
28.0 374
47.0 254
42.0 226
33.0 236
45.0 396
30.0 356
44.0 294
43.0 316
37.0 336
46.0 322
34.0 319
31.0 363
27.0 227
33.0 321
31.0 240
42.0 205
24.0 321
28.0 353
39.0 301
24.0 201
43.0 333
28.0 268
23.0 326
40.0 396
38.0 355
42.0 324
34.0 285
35.0 325
31.0 359
24.0 290
43.0 217
23.0 303
24.0 264
45.0 206
37.0 351
32.0 260
35.0 350
38.0 309
34.0 356
37.0 254
44.0 320
31.0 259
46.0 301
41.0 258
27.0 328
32.0 303
30.0 325
28.0 317
39.0 245
44.0 295
42.0 311
37.0 349
33.0 300
37.0 365
28.0 359
31.0 216
41.0 320
32.0 368
43.0 300
37.0 317
24.0 203
32.0 342
41.0 321
42.0 273
39.0 242
40.0 326
38.0 201
34.0 221
23.0 369
46.0 268
37.0 313
29.0 331
36.0 314
31.0 342
40.0 232
39.0 341
34.0 343
35.0 367
24.0 204
41.0 233
27.0 331
32.0 224
31.0 292
43.0 266
45.0 304
33.0 214
31.0 316
44.0 241
38.0 314
29.0 323
43.0 385
24.0 330
44.0 249
24.0 282
41.0 269
31.0 362
43.0 283
42.0 391
42.0 216
36.0 316
43.0 282
33.0 346
24.0 394
26.0 318
44.0 241
40.0 306
36.0 220
39.0 242
30.0 328
25.0 202
27.0 285
30.0 291
36.0 328
28.0 287
46.0 262
34.0 269
30.0 396
32.0 388
42.0 221
32.0 283
39.0 342
35.0 203
42.0 326
40.0 292
34.0 358
39.0 250
36.0 203
36.0 206
30.0 219
30.0 308
30.0 300
28.0 204
26.0 370
43.0 350
37.0 246
29.0 300
35.0 232
27.0 233
40.0 323
37.0 359
29.0 356
24.0 245
34.0 269
24.0 269
36.0 398
26.0 210
40.0 331
46.0 282
31.0 201
36.0 223
36.0 298
25.0 277
39.0 352
27.0 343
37.0 247
27.0 384
41.0 390
28.0 304
43.0 330
37.0 209
27.0 265
43.0 301
29.0 226
35.0 299
43.0 246
37.0 314
34.0 239
25.0 334
23.0 288
32.0 383
40.0 210
34.0 297
39.0 377
31.0 284
46.0 338
31.0 327
46.0 395
46.0 246
44.0 321
31.0 200
40.0 279
34.0 257
38.0 267
39.0 397
23.0 387
45.0 207
25.0 235
43.0 314
41.0 311
32.0 201
30.0 259
44.0 209
46.0 246
44.0 213
35.0 257
31.0 295
25.0 317
35.0 307
37.0 255
29.0 365
37.0 206
25.0 307
38.0 392
27.0 299
26.0 262
36.0 355
39.0 307
43.0 398
34.0 224
32.0 357
36.0 307
45.0 323
27.0 255
29.0 239
30.0 393
23.0 292
38.0 200
39.0 358
42.0 202
26.0 313
47.0 326
44.0 376
33.0 357
34.0 265
29.0 220
28.0 370
24.0 340
30.0 389
45.0 313
30.0 356
36.0 216
33.0 269
33.0 240
28.0 220
27.0 214
35.0 395
26.0 252
30.0 282
27.0 277
27.0 312
46.0 353
31.0 271
41.0 385
27.0 387
25.0 393
27.0 316
42.0 362
46.0 229
47.0 325
38.0 223
37.0 304
27.0 362
39.0 385
41.0 223
43.0 206
37.0 223
45.0 252
32.0 335
29.0 363
45.0 254
40.0 290
32.0 335
44.0 378
46.0 243
34.0 330
46.0 213
24.0 228
35.0 295
29.0 390
32.0 293
34.0 323
44.0 300
27.0 206
35.0 208
26.0 250
44.0 256
35.0 240
45.0 242
42.0 366
30.0 389
42.0 214
24.0 385
38.0 284
24.0 298
24.0 302
38.0 366
28.0 266
42.0 341
47.0 323
45.0 296
42.0 363
24.0 283
44.0 330
24.0 329
31.0 275
38.0 284
31.0 302
41.0 263
36.0 398
44.0 356
33.0 311
36.0 373
40.0 313
31.0 282
29.0 347
35.0 359
29.0 244
34.0 262
31.0 384
43.0 247
28.0 252
36.0 214
35.0 223
37.0 200
33.0 323
41.0 227
45.0 219
30.0 302
36.0 226
36.0 245
43.0 327
23.0 243
32.0 283
40.0 291
29.0 218
42.0 277
45.0 334
32.0 302
46.0 393
31.0 206
31.0 323
43.0 317
29.0 312
31.0 299
45.0 354
42.0 361
42.0 274
34.0 358
28.0 329
29.0 209
42.0 233
39.0 307
27.0 293
26.0 249
37.0 269
30.0 208
25.0 359
46.0 308
43.0 214
26.0 254
46.0 367
32.0 220
45.0 236
39.0 239
25.0 215
24.0 388
29.0 258
27.0 346
35.0 248
37.0 200
34.0 227
43.0 225
42.0 246
39.0 242
28.0 398
35.0 243
31.0 307
38.0 372
33.0 269
37.0 313
30.0 291
26.0 310
41.0 320
26.0 355
36.0 304
41.0 292
43.0 391
41.0 378
35.0 246
30.0 272
25.0 223
46.0 221
24.0 345
23.0 325
29.0 230
26.0 332
38.0 250
30.0 279
24.0 389
23.0 255
39.0 379
23.0 330
34.0 278
47.0 269
26.0 326
26.0 279
41.0 320
28.0 243
33.0 228
27.0 366
33.0 365
39.0 354
41.0 304
33.0 259
26.0 231
43.0 310
35.0 351
45.0 377
36.0 271
44.0 309
36.0 271
44.0 282
33.0 229
45.0 313
45.0 203
41.0 275
31.0 371
40.0 302
36.0 305
24.0 384
37.0 393
27.0 369
40.0 239
46.0 321
25.0 223
26.0 204
38.0 312
26.0 214
38.0 365
46.0 216
32.0 381
43.0 225
23.0 374
30.0 322
44.0 220
26.0 349
29.0 283
39.0 345
47.0 248
28.0 250
23.0 227
46.0 249
34.0 209
35.0 230
34.0 270
31.0 391
42.0 398
38.0 327
34.0 209
46.0 333
43.0 244
29.0 359
30.0 211
25.0 373
40.0 247
24.0 236
35.0 279
36.0 395
29.0 282
27.0 319
32.0 234
37.0 324
33.0 252
35.0 245
37.0 237
42.0 335
46.0 391
33.0 220
26.0 291
36.0 234
30.0 289
33.0 333
32.0 383
36.0 323
32.0 377
37.0 312
24.0 243
37.0 227
41.0 320
31.0 268
35.0 333
42.0 232
28.0 209
24.0 284
47.0 259
38.0 389
38.0 251
26.0 306
43.0 362
30.0 331
29.0 392
23.0 327
23.0 272
41.0 275
41.0 217
35.0 355
42.0 312
44.0 279
29.0 290
39.0 207
33.0 396
37.0 218
27.0 365
31.0 310
30.0 393
28.0 397
26.0 311
36.0 397
36.0 312
35.0 278
30.0 389
28.0 321
34.0 226
46.0 254
36.0 367
41.0 352
31.0 345
32.0 322
36.0 234
35.0 271
42.0 337
38.0 289
23.0 388
32.0 327
46.0 322
36.0 201
36.0 345
43.0 265
45.0 201
33.0 222
30.0 295
37.0 211
37.0 321
38.0 247
29.0 211
33.0 329
30.0 333
44.0 379
36.0 301
34.0 339
33.0 246
41.0 361
28.0 334
43.0 302
32.0 273
38.0 237
35.0 268
34.0 329
32.0 344
35.0 354
44.0 229
46.0 254
45.0 310
30.0 238
26.0 324
37.0 360
43.0 261
41.0 218
45.0 249
46.0 336
36.0 383
44.0 331
29.0 389
32.0 343
25.0 262
44.0 242
34.0 287
41.0 245
34.0 398
40.0 378
44.0 225
37.0 299
40.0 206
38.0 268
25.0 319
39.0 393
41.0 304
37.0 384
46.0 200
36.0 397
28.0 298
23.0 367
28.0 368
26.0 265
28.0 281
24.0 307
25.0 306
34.0 305
29.0 358
44.0 361
35.0 345
34.0 271
29.0 321
23.0 258
29.0 273
25.0 210
24.0 281
32.0 370
34.0 371
31.0 323
37.0 360
31.0 305
26.0 288
30.0 289
32.0 235
44.0 353
27.0 271
45.0 341
28.0 315
27.0 267
45.0 396
47.0 368
31.0 264
33.0 363
35.0 341
25.0 344
38.0 227
26.0 292
34.0 308
24.0 381
23.0 287
37.0 320
45.0 236
30.0 255
38.0 225
42.0 324
25.0 330
27.0 382
40.0 324
30.0 335
25.0 264
34.0 326
36.0 334
29.0 297
47.0 265
42.0 238
39.0 255
31.0 380
35.0 257
33.0 231
37.0 203
38.0 312
44.0 219
43.0 214
35.0 325
33.0 251
41.0 328
33.0 358
25.0 291
31.0 266
46.0 395
42.0 353
29.0 343
31.0 233
34.0 298
41.0 320
25.0 360
37.0 244
33.0 333
35.0 373
36.0 279
47.0 235
32.0 233
34.0 257
39.0 387
32.0 367
33.0 282
42.0 301
35.0 239
45.0 291
46.0 215
36.0 315
36.0 338
39.0 289
28.0 356
23.0 239
33.0 357
30.0 206
40.0 313
37.0 253
32.0 328
41.0 203
26.0 266
38.0 296
30.0 374
37.0 245
47.0 299
43.0 384
45.0 342
25.0 391
43.0 251
38.0 352
30.0 337
42.0 258
37.0 357
26.0 302
38.0 282
27.0 306
31.0 253
36.0 393
40.0 363
33.0 307
27.0 290
43.0 215
38.0 342
46.0 288
23.0 258
29.0 316
24.0 377
43.0 298
24.0 358
38.0 243
31.0 376
32.0 368
25.0 270
25.0 305
34.0 319
43.0 339
35.0 207
45.0 261
28.0 396
46.0 232
37.0 211
36.0 337
38.0 237
41.0 210
36.0 378
38.0 327
24.0 387
28.0 307
44.0 209
35.0 226
25.0 314
33.0 231
36.0 237
32.0 238
35.0 318
27.0 317
47.0 379
35.0 374
42.0 308
24.0 227
40.0 235
24.0 265
41.0 353
30.0 268
36.0 321
27.0 352
38.0 335
28.0 207
29.0 341
41.0 346
34.0 280
38.0 241
42.0 257
25.0 287
35.0 293
46.0 291
45.0 346
35.0 249
47.0 293
38.0 353
37.0 340
41.0 356
38.0 325
28.0 206
26.0 229
37.0 210
36.0 277
40.0 319
40.0 359
40.0 314
26.0 388
45.0 206
24.0 346
24.0 229
45.0 275
38.0 282
39.0 282
45.0 201
27.0 282
25.0 346
47.0 277
44.0 278
25.0 325
34.0 221
34.0 368
45.0 361
42.0 396
34.0 313
38.0 245
37.0 353
31.0 231
36.0 255
35.0 384
31.0 282
39.0 246
37.0 394
26.0 400
31.0 240
38.0 376
28.0 257
39.0 305
37.0 240
46.0 298
29.0 252
31.0 352
28.0 310
35.0 382
45.0 303
28.0 201
30.0 389
38.0 335
42.0 342
30.0 326
43.0 349
43.0 320
24.0 242
44.0 258
28.0 315
44.0 284
40.0 344
45.0 268
33.0 284
44.0 201
28.0 308
27.0 373
26.0 237
44.0 317
34.0 292
38.0 362
46.0 315
32.0 251
43.0 230
25.0 271
39.0 289
45.0 209
38.0 308
25.0 297
47.0 327
27.0 251
32.0 237
28.0 348
33.0 326
31.0 359
47.0 339
38.0 261
34.0 219
47.0 236
40.0 252
36.0 387
39.0 389
43.0 372
38.0 210
31.0 348
46.0 330
39.0 329
42.0 371
40.0 356
40.0 260
34.0 380
46.0 347
36.0 211
39.0 399
43.0 355
33.0 217
38.0 273
25.0 326
42.0 222
23.0 390
39.0 230
23.0 396
28.0 315
27.0 337
25.0 362
32.0 345
41.0 210
40.0 333
38.0 267
41.0 282
42.0 360
25.0 250
28.0 225
28.0 246
40.0 346
36.0 362
41.0 274
23.0 208
28.0 267
44.0 264
28.0 245
28.0 235
46.0 390
42.0 395
35.0 296
40.0 270
29.0 364
35.0 258
45.0 398
40.0 264
32.0 311
33.0 368
27.0 302
37.0 292
23.0 207
26.0 240
23.0 362
35.0 211
35.0 324
30.0 319
28.0 364
45.0 245
45.0 364
40.0 330
28.0 312
30.0 312
39.0 311
36.0 263
27.0 307
43.0 380
26.0 235
44.0 347
36.0 235
24.0 255
43.0 255
24.0 241
34.0 244
38.0 293
34.0 209
39.0 321
39.0 328
39.0 202
37.0 310
31.0 249
31.0 386
25.0 318
42.0 337
29.0 326
23.0 360
26.0 221
43.0 349
28.0 353
41.0 302
24.0 206
40.0 250
46.0 379
26.0 357
28.0 331
31.0 306
31.0 311
27.0 308
43.0 266
29.0 343
44.0 297
27.0 317
33.0 239
42.0 208
36.0 293
45.0 272
42.0 387
24.0 234
36.0 334
35.0 394
45.0 315
39.0 300
25.0 242
41.0 315
39.0 245
30.0 316
45.0 273
27.0 206
41.0 223
31.0 288
35.0 267
25.0 272
36.0 296
40.0 388
43.0 218
35.0 211
39.0 218
33.0 346
42.0 385
35.0 385
34.0 302
39.0 204
29.0 223
25.0 354
31.0 378
39.0 246
42.0 280
33.0 333
40.0 354
26.0 278
38.0 300
32.0 328
39.0 350
40.0 327
38.0 250
34.0 359
25.0 294
33.0 256
27.0 360
31.0 305
33.0 304
25.0 366
40.0 220
26.0 245
25.0 261
41.0 335
31.0 301
24.0 363
36.0 388
37.0 272
41.0 347
45.0 364
25.0 307
41.0 239
43.0 221
39.0 204
24.0 266
40.0 373
44.0 357
29.0 365
28.0 367
26.0 307
45.0 391
31.0 295
42.0 289
45.0 378
40.0 236
25.0 399
40.0 217
32.0 237
38.0 248
28.0 315
41.0 274
37.0 345
33.0 304
26.0 322
35.0 279
29.0 216
42.0 394
24.0 263
35.0 312
35.0 299
32.0 349
34.0 267
42.0 370
39.0 248
35.0 231
25.0 203
36.0 391
40.0 377
26.0 251
27.0 356
31.0 253
38.0 314
40.0 261
29.0 289
40.0 239
37.0 250
41.0 306
45.0 265
34.0 252
44.0 332
37.0 369
26.0 356
36.0 246
25.0 284
32.0 322
31.0 271
45.0 386
42.0 259
31.0 340
44.0 336
33.0 273
43.0 372
38.0 248
43.0 276
46.0 233
30.0 364
40.0 231
44.0 360
32.0 238
37.0 311
33.0 246
33.0 222
26.0 380
28.0 219
28.0 320
27.0 334
44.0 369
32.0 379
31.0 298
43.0 337
40.0 335
26.0 236
35.0 368
32.0 298
45.0 278
35.0 316
41.0 374
45.0 212
42.0 365
33.0 304
23.0 361
46.0 203
24.0 236
29.0 292
35.0 358
23.0 209
45.0 237
28.0 269
39.0 294
31.0 392
37.0 229
27.0 238
44.0 251
35.0 262
41.0 272
25.0 275
24.0 329
25.0 364
30.0 343
24.0 268
28.0 324
37.0 396
41.0 248
29.0 372
41.0 245
26.0 264
34.0 338
27.0 254
30.0 247
45.0 340
39.0 302
24.0 396
40.0 267
46.0 288
28.0 228
27.0 234
26.0 216
23.0 270
45.0 291
29.0 221
39.0 350
26.0 218
35.0 358
25.0 309
38.0 342
44.0 271
44.0 204
29.0 334
31.0 364
43.0 235
27.0 285
33.0 233
45.0 331
27.0 249
42.0 233
27.0 248
24.0 219
27.0 259
45.0 280
35.0 390
41.0 362
43.0 373
29.0 311
47.0 379
33.0 322
31.0 280
27.0 314
44.0 366
40.0 355
40.0 286
37.0 351
36.0 354
27.0 252
29.0 292
41.0 379
40.0 264
45.0 303
26.0 268
37.0 256
28.0 208
46.0 256
25.0 249
29.0 289
44.0 282
37.0 378
32.0 354
31.0 365
28.0 329
39.0 371
36.0 345
32.0 226
31.0 280
26.0 400
24.0 292
43.0 250
24.0 369
39.0 327
41.0 359
32.0 331
45.0 248
25.0 352
46.0 217
39.0 392
34.0 208
26.0 264
29.0 218
34.0 265
25.0 383
45.0 328
40.0 344
30.0 332
36.0 253
31.0 338
38.0 361
30.0 365
37.0 301
34.0 323
26.0 259
34.0 338
23.0 312
28.0 257
43.0 208
33.0 262
24.0 209
27.0 365
26.0 293
41.0 256
45.0 357
44.0 360
47.0 284
24.0 226
26.0 391
24.0 250
26.0 233
28.0 337
45.0 277
35.0 299
38.0 353
26.0 222
34.0 352
43.0 321
39.0 281
36.0 273
35.0 376
31.0 291
32.0 290
23.0 359
28.0 337
31.0 260
25.0 361
27.0 322
31.0 359
24.0 207
24.0 287
33.0 297
36.0 349
42.0 203
30.0 334
43.0 265
29.0 309
33.0 350
31.0 373
36.0 243
27.0 400
31.0 382
28.0 338
33.0 256
24.0 230
38.0 294
39.0 337
44.0 400
40.0 382
30.0 349
40.0 316
33.0 297
25.0 202
31.0 201
45.0 351
37.0 396
40.0 336
37.0 293
33.0 264
25.0 399
24.0 234
27.0 338
31.0 236
39.0 293
44.0 230
44.0 350
29.0 311
43.0 373
45.0 237
31.0 249
26.0 306
35.0 365
41.0 223
36.0 321
35.0 216
45.0 234
32.0 214
41.0 354
36.0 212
38.0 217
29.0 343
33.0 223
31.0 398
35.0 344
47.0 347
27.0 312
34.0 368
31.0 300
43.0 367
38.0 382
29.0 383
28.0 301
34.0 332
47.0 290
29.0 295
34.0 371
39.0 235
43.0 345
30.0 382
40.0 370
28.0 308
39.0 347
46.0 273
29.0 229
43.0 382
40.0 222
41.0 326
36.0 257
23.0 286
44.0 251
27.0 393
29.0 256
33.0 239
23.0 344
43.0 335
34.0 353
45.0 364
38.0 319
36.0 395
38.0 375
43.0 242
39.0 250
25.0 206
42.0 396
46.0 351
25.0 295
38.0 386
34.0 339
28.0 350
24.0 294
36.0 224
42.0 335
46.0 359
41.0 298
26.0 380
41.0 317
36.0 373
32.0 237
26.0 352
26.0 237
40.0 362
29.0 357
27.0 381
30.0 333
27.0 318
38.0 299
35.0 346
43.0 373
37.0 386
28.0 379
35.0 316
30.0 353
26.0 271
38.0 217
31.0 382
30.0 235
43.0 386
30.0 370
27.0 227
25.0 367
36.0 303
37.0 324
25.0 293
23.0 305
41.0 337
42.0 282
23.0 390
44.0 384
24.0 257
43.0 325
28.0 303
32.0 365
41.0 388
30.0 286
35.0 276
37.0 362
44.0 273
43.0 358
27.0 254
42.0 240
41.0 244
35.0 397
36.0 374
33.0 338
24.0 269
39.0 256
40.0 395
46.0 234
29.0 326
41.0 363
44.0 307
24.0 386
46.0 363
40.0 206
46.0 389
43.0 221
33.0 331
26.0 385
43.0 228
24.0 292
34.0 205
43.0 231
43.0 318
29.0 372
24.0 273
42.0 225
42.0 350
30.0 279
23.0 381
46.0 222
42.0 352
27.0 319
23.0 246
26.0 364
38.0 314
47.0 388
30.0 232
31.0 218
23.0 387
44.0 293
33.0 365
32.0 294
40.0 283
43.0 213
38.0 379
42.0 341
38.0 250
25.0 341
37.0 233
33.0 294
44.0 221
28.0 214
31.0 348
44.0 370
41.0 352
42.0 354
36.0 246
37.0 356
43.0 337
31.0 214
37.0 239
36.0 303
39.0 210
32.0 272
30.0 385
34.0 275
37.0 328
41.0 205
39.0 290
39.0 372
42.0 336
25.0 326
40.0 272
26.0 334
24.0 233
35.0 307
40.0 253
33.0 255
32.0 210
43.0 244
42.0 275
42.0 284
31.0 291
35.0 399
30.0 223
23.0 336
24.0 246
45.0 253
29.0 210
37.0 261
27.0 210
44.0 354
30.0 251
35.0 355
31.0 334
35.0 386
41.0 294
32.0 241
39.0 215
39.0 363
25.0 202
24.0 279
29.0 232
37.0 263
44.0 220
27.0 281
38.0 332
28.0 206
31.0 324
28.0 255
27.0 338
39.0 306
25.0 210
39.0 400
33.0 373
39.0 394
43.0 231
29.0 214
37.0 345
34.0 394
24.0 386
41.0 318
31.0 343
45.0 342
45.0 252
30.0 342
43.0 263
24.0 278
37.0 305
27.0 342
23.0 340
46.0 291
40.0 391
43.0 328
42.0 317
33.0 377
44.0 389
32.0 378
23.0 383
45.0 373
27.0 271
46.0 305
24.0 259
45.0 306
24.0 350
31.0 308
32.0 262
46.0 373
41.0 312
31.0 271
32.0 364
45.0 223
42.0 268
45.0 348
32.0 235
42.0 400
32.0 381
26.0 227
45.0 341
31.0 238
26.0 303
38.0 237
35.0 308
43.0 273
38.0 284
43.0 365
46.0 315
42.0 388
36.0 268
36.0 287
46.0 372
23.0 241
39.0 234
33.0 235
26.0 323
29.0 304
26.0 361
33.0 288
30.0 368
47.0 238
35.0 276
46.0 359
33.0 321
28.0 372
27.0 344
42.0 356
37.0 400
39.0 225
40.0 233
31.0 360
25.0 308
24.0 303
45.0 343
24.0 213
46.0 209
39.0 340
46.0 285
29.0 344
27.0 203
41.0 212
45.0 282
38.0 212
34.0 259
42.0 278
43.0 255
33.0 324
24.0 316
37.0 310
46.0 244
28.0 303
30.0 261
35.0 279
34.0 400
39.0 217
40.0 355
37.0 211
31.0 340
26.0 364
29.0 264
42.0 260
23.0 234
44.0 325
30.0 229
39.0 382
43.0 282
30.0 255
39.0 232
25.0 283
44.0 385
31.0 209
40.0 357
44.0 289
34.0 215
37.0 351
36.0 252
34.0 289
44.0 363
39.0 243
44.0 331
34.0 269
30.0 380
40.0 205
24.0 330
44.0 206
41.0 342
37.0 396
33.0 284
28.0 282
46.0 303
24.0 317
25.0 343
36.0 391
44.0 269
35.0 316
40.0 295
46.0 201
34.0 373
27.0 393
45.0 337
25.0 309
40.0 236
46.0 368
27.0 354
34.0 362
44.0 216
27.0 337
40.0 325
41.0 372
41.0 383
29.0 211
38.0 229
23.0 232
24.0 276
32.0 241
34.0 277
37.0 298
40.0 380
35.0 390
44.0 306
34.0 214
33.0 238
46.0 266
23.0 298
25.0 397
35.0 229
23.0 354
37.0 343
41.0 330
39.0 204
24.0 345
27.0 367
30.0 363
39.0 218
42.0 393
39.0 274
35.0 310
45.0 358
43.0 378
43.0 250
34.0 361
43.0 309
37.0 360
37.0 229
31.0 291
45.0 240
30.0 337
33.0 354
33.0 391
32.0 207
38.0 352
41.0 225
35.0 359
41.0 392
25.0 228
24.0 336
28.0 249
40.0 302
31.0 362
24.0 322
26.0 362
41.0 298
34.0 365
38.0 330
34.0 224
40.0 283
29.0 270
31.0 353
38.0 290
38.0 306
26.0 367
34.0 356
36.0 347
41.0 393
31.0 382
31.0 221
24.0 293
45.0 325
39.0 396
29.0 398
38.0 229
27.0 217
38.0 261
36.0 355
41.0 339
39.0 350
28.0 260
38.0 385
42.0 258
36.0 336
31.0 269
23.0 318
29.0 235
25.0 267
43.0 236
40.0 311
35.0 260
42.0 392
37.0 210
32.0 299
27.0 268
35.0 268
39.0 290
40.0 218
31.0 258
40.0 358
44.0 354
38.0 338
46.0 387
32.0 242
37.0 308
46.0 288
46.0 388
33.0 393
45.0 271
25.0 255
24.0 223
26.0 224
27.0 267
23.0 264
23.0 396
36.0 291
26.0 295
26.0 271
35.0 230
47.0 272
43.0 275
29.0 260
26.0 360
24.0 305
36.0 305
28.0 353
31.0 381
41.0 323
24.0 318
24.0 384
26.0 355
45.0 288
41.0 387
28.0 352
32.0 300
35.0 338
26.0 361
32.0 393
26.0 370
33.0 392
34.0 362
47.0 311
32.0 373
25.0 272
35.0 340
36.0 320
46.0 364
38.0 273
41.0 348
33.0 246
40.0 217
40.0 388
45.0 355
33.0 321
32.0 398
37.0 236
43.0 392
38.0 250
26.0 290
36.0 239
24.0 249
24.0 226
46.0 335
35.0 257
30.0 217
35.0 276
24.0 315
32.0 205
43.0 319
24.0 288
38.0 374
29.0 270
36.0 286
38.0 223
44.0 322
25.0 230
42.0 328
30.0 316
37.0 252
27.0 282
30.0 389
33.0 353
40.0 253
33.0 352
46.0 266
31.0 205
31.0 228
44.0 361
29.0 347
27.0 376
43.0 344
24.0 304
27.0 264
34.0 277
36.0 206
41.0 245
27.0 259
30.0 317
35.0 222
24.0 284
28.0 307
29.0 254
45.0 347
26.0 292
42.0 329
40.0 254
28.0 295
46.0 374
44.0 321
28.0 263
42.0 212
26.0 332
46.0 342
42.0 324
29.0 363
42.0 330
40.0 245
24.0 240
27.0 325
43.0 369
46.0 288
43.0 284
37.0 234
23.0 235
39.0 224
24.0 357
38.0 285
42.0 238
39.0 283
27.0 221
24.0 280
28.0 328
45.0 241
27.0 371
34.0 375
29.0 297
26.0 220
44.0 267
42.0 301
47.0 239
29.0 289
43.0 347
34.0 381
28.0 398
42.0 356
33.0 259
40.0 200
44.0 275
42.0 294
45.0 300
29.0 347
24.0 306
37.0 224
40.0 243
35.0 259
36.0 211
47.0 290
24.0 223
35.0 234
36.0 389
37.0 317
25.0 368
32.0 283
32.0 385
27.0 266
33.0 231
25.0 236
37.0 342
38.0 219
45.0 295
33.0 378
27.0 387
42.0 289
32.0 284
37.0 262
28.0 308
32.0 271
43.0 210
36.0 340
43.0 207
43.0 302
30.0 329
28.0 321
39.0 370
41.0 320
34.0 347
23.0 382
33.0 295
26.0 356
28.0 284
35.0 299
38.0 346
42.0 344
45.0 362
45.0 360
25.0 335
30.0 352
23.0 345
24.0 274
27.0 335
43.0 328
33.0 209
38.0 246
26.0 262
29.0 358
28.0 250
31.0 374
28.0 254
43.0 397
45.0 389
24.0 283
45.0 388
27.0 266
26.0 394
33.0 317
30.0 266
40.0 321
24.0 225
33.0 354
26.0 326
24.0 245
27.0 225
41.0 296
26.0 354
32.0 336
37.0 218
23.0 385
38.0 314
40.0 381
29.0 285
40.0 345
27.0 333
26.0 391
37.0 314
35.0 274
38.0 394
40.0 206
46.0 274
32.0 266
28.0 377
42.0 234
35.0 293
45.0 265
39.0 398
30.0 292
44.0 251
31.0 244
39.0 269
46.0 370
29.0 351
37.0 210
38.0 291
32.0 252
45.0 340
28.0 370
41.0 202
39.0 211
31.0 365
37.0 248
42.0 278
33.0 215
42.0 229
28.0 321
42.0 388
42.0 382
40.0 343
32.0 241
28.0 298
41.0 246
34.0 355
23.0 209
31.0 354
46.0 330
31.0 392
24.0 252
41.0 234
39.0 367
45.0 271
40.0 255
30.0 222
37.0 334
41.0 282
30.0 261
29.0 256
23.0 259
27.0 304
29.0 275
47.0 325
47.0 244
46.0 261
33.0 299
30.0 303
44.0 317
33.0 261
24.0 255
25.0 233
25.0 333
46.0 243
36.0 342
24.0 377
25.0 349
31.0 364
47.0 330
41.0 273
41.0 317
23.0 300
38.0 228
42.0 322
46.0 291
43.0 325
37.0 395
31.0 245
25.0 390
46.0 396
41.0 230
42.0 232
27.0 271
28.0 233
33.0 272
29.0 276
38.0 278
45.0 327
25.0 361
47.0 382
30.0 200
45.0 241
43.0 265
34.0 241
46.0 395
44.0 249
45.0 239
38.0 372
43.0 245
29.0 385
44.0 255
30.0 398
30.0 207
45.0 339
34.0 383
37.0 264
29.0 332
33.0 292
42.0 236
39.0 230
27.0 362
27.0 246
40.0 245
41.0 328
29.0 293
45.0 277
41.0 323
27.0 245
41.0 362
36.0 269
43.0 212
45.0 308
39.0 264
28.0 274
46.0 393
26.0 397
42.0 334
40.0 266
33.0 394
28.0 382
41.0 227
39.0 374
33.0 255
25.0 220
46.0 360
35.0 289
26.0 284
45.0 247
41.0 342
45.0 296
36.0 267
25.0 321
44.0 203
42.0 245
26.0 394
32.0 289
38.0 263
25.0 331
24.0 357
45.0 390
27.0 225
34.0 353
26.0 256
44.0 303
41.0 311
25.0 348
37.0 398
34.0 358
24.0 358
38.0 317
37.0 221
26.0 396
40.0 353
46.0 363
32.0 305
26.0 316
24.0 384
27.0 318
26.0 297
45.0 391
27.0 380
44.0 296
42.0 283
41.0 335
40.0 224
33.0 272
40.0 265
24.0 258
35.0 287
25.0 206
39.0 277
28.0 305
34.0 323
29.0 370
27.0 396
30.0 357
28.0 382
32.0 343
44.0 396
39.0 275
46.0 240
47.0 299
29.0 392
42.0 340
45.0 204
31.0 277
26.0 316
45.0 309
28.0 388
38.0 276
47.0 291
46.0 326
43.0 230
25.0 345
34.0 329
23.0 393
33.0 288
44.0 388
23.0 338
40.0 353
31.0 379
31.0 272
43.0 349
41.0 370
25.0 228
47.0 345
36.0 226
40.0 264
23.0 203
33.0 326
32.0 334
27.0 302
25.0 390
33.0 260
38.0 209
39.0 215
44.0 365
33.0 352
29.0 209
29.0 323
44.0 259
42.0 286
40.0 214
30.0 364
44.0 328
40.0 213
44.0 286
42.0 211
46.0 316
24.0 302
26.0 348
31.0 358
32.0 220
31.0 205
32.0 305
33.0 396
31.0 378
31.0 345
30.0 332
34.0 374
31.0 394
45.0 208
43.0 238
35.0 211
24.0 339
39.0 260
42.0 391
29.0 272
25.0 393
23.0 333
32.0 329
33.0 201
31.0 285
46.0 214
42.0 233
39.0 202
44.0 371
27.0 331
28.0 398
31.0 303
40.0 274
43.0 305
45.0 370
44.0 257
45.0 258
42.0 288
24.0 392
34.0 344
47.0 369
45.0 295
33.0 387
41.0 391
46.0 266
42.0 393
46.0 255
38.0 378
31.0 377
32.0 315
42.0 327
41.0 388
28.0 396
31.0 303
32.0 230
30.0 370
23.0 372
46.0 278
27.0 339
37.0 355
37.0 342
31.0 344
47.0 206
40.0 302
28.0 343
32.0 360
30.0 313
26.0 287
43.0 243
44.0 354
37.0 262
35.0 259
24.0 399
43.0 374
42.0 300
34.0 278
37.0 348
46.0 331
33.0 384
42.0 266
33.0 307
46.0 398
33.0 298
40.0 285
40.0 397
36.0 300
34.0 255
31.0 266
45.0 399
38.0 210
44.0 352
40.0 265
37.0 321
44.0 322
31.0 258
34.0 373
26.0 265
41.0 318
38.0 394
30.0 241
44.0 371
34.0 385
37.0 328
41.0 375
43.0 284
38.0 286
42.0 261
24.0 353
28.0 325
33.0 230
36.0 369
26.0 240
34.0 399
35.0 220
38.0 252
42.0 316
47.0 343
36.0 265
44.0 385
35.0 381
44.0 347
32.0 241
42.0 226
31.0 383
37.0 211
33.0 366
41.0 275
25.0 394
25.0 276
23.0 298
27.0 256
36.0 271
46.0 332
29.0 218
44.0 250
36.0 333
33.0 341
25.0 385
26.0 223
28.0 348
30.0 318
41.0 281
35.0 215
37.0 279
41.0 201
28.0 257
31.0 252
45.0 364
31.0 361
28.0 366
42.0 284
28.0 266
30.0 243
31.0 307
28.0 386
36.0 342
25.0 319
45.0 265
42.0 227
34.0 239
36.0 361
37.0 250
24.0 399
29.0 376
25.0 201
40.0 371
40.0 290
38.0 337
37.0 223
30.0 315
24.0 353
34.0 296
36.0 230
37.0 364
41.0 267
26.0 231
38.0 217
40.0 225
36.0 260
27.0 396
28.0 312
33.0 363
35.0 259
29.0 242
36.0 370
43.0 210
24.0 394
40.0 344
33.0 299
34.0 248
23.0 362
47.0 315
42.0 334
45.0 213
43.0 330
42.0 328
28.0 297
36.0 348
37.0 333
39.0 257
25.0 320
41.0 216
36.0 221
37.0 247
27.0 308
37.0 382
40.0 299
25.0 203
24.0 222
25.0 329
37.0 261
33.0 322
27.0 297
28.0 241
33.0 210
40.0 373
31.0 399
31.0 213
25.0 214
35.0 367
32.0 363
42.0 275
33.0 355
32.0 222
24.0 366
33.0 205
35.0 274
42.0 364
24.0 277
39.0 293
33.0 243
35.0 247
36.0 214
30.0 389
34.0 241
31.0 351
32.0 366
26.0 261
37.0 262
30.0 385
32.0 255
36.0 230
37.0 311
25.0 202
26.0 205
25.0 206
33.0 240
26.0 366
43.0 225
41.0 272
46.0 391
33.0 347
25.0 266
42.0 317
36.0 256
38.0 252
45.0 367
46.0 393
25.0 283
28.0 355
26.0 311
32.0 313
38.0 364
32.0 299
34.0 244
30.0 321
47.0 314
47.0 284
46.0 232
31.0 338
45.0 362
45.0 351
32.0 300
34.0 234
24.0 281
32.0 340
29.0 395
45.0 247
43.0 362
39.0 375
25.0 345
25.0 201
36.0 223
38.0 260
38.0 295
30.0 358
26.0 332
39.0 321
33.0 343
32.0 254
26.0 213
45.0 202
26.0 387
24.0 275
46.0 214
27.0 249
34.0 288
23.0 363
46.0 399
29.0 287
31.0 335
32.0 352
44.0 393
43.0 329
25.0 234
45.0 348
33.0 224
38.0 281
35.0 318
34.0 266
45.0 358
23.0 269
45.0 228
27.0 377
29.0 233
27.0 229
29.0 378
36.0 368
32.0 216
41.0 347
43.0 306
44.0 315
37.0 235
28.0 290
24.0 201
45.0 370
34.0 337
35.0 212
34.0 286
43.0 202
44.0 351
35.0 263
38.0 333
41.0 379
23.0 396
33.0 352
35.0 392
42.0 200
29.0 373
29.0 381
41.0 389
34.0 379
43.0 217
31.0 274
39.0 220
30.0 284
27.0 308
25.0 291
43.0 288
29.0 379
37.0 263
28.0 232
28.0 356
40.0 320
36.0 395
28.0 232
37.0 325
43.0 233
30.0 229
46.0 306
27.0 370
33.0 225
26.0 370
25.0 282
42.0 375
35.0 360
38.0 283
27.0 277
46.0 210
29.0 220
42.0 306
34.0 361
34.0 201
33.0 392
32.0 353
27.0 270
26.0 331
41.0 300
44.0 307
29.0 278
38.0 259
31.0 400
30.0 317
24.0 325
42.0 317
25.0 289
37.0 266
35.0 279
31.0 201
38.0 219
30.0 351
28.0 282
24.0 387
30.0 269
26.0 248
45.0 346
29.0 277
47.0 378
33.0 311
27.0 318
30.0 250
38.0 229
28.0 226
27.0 306
32.0 318
36.0 376
26.0 302
31.0 392
43.0 323
41.0 309
35.0 309
39.0 279
46.0 255
34.0 331
43.0 295
47.0 268
37.0 293
36.0 303
25.0 319
43.0 271
34.0 351
40.0 292
26.0 319
31.0 363
26.0 362
23.0 292
35.0 318
34.0 397
28.0 305
35.0 241
44.0 210
38.0 396
39.0 328
31.0 369
28.0 396
38.0 246
25.0 219
44.0 321
44.0 348
47.0 270
28.0 210
36.0 264
29.0 352
25.0 340
41.0 390
32.0 377
39.0 290
27.0 215
25.0 328
36.0 282
26.0 206
32.0 223
43.0 324
47.0 392
26.0 387
32.0 383
32.0 239
37.0 382
29.0 298
26.0 220
24.0 232
44.0 262
46.0 360
31.0 338
32.0 253
32.0 388
37.0 325
33.0 394
29.0 277
31.0 293
40.0 397
24.0 204
36.0 203
36.0 391
40.0 237
25.0 229
37.0 270
28.0 386
36.0 302
35.0 335
35.0 314
30.0 346
35.0 256
28.0 267
34.0 343
29.0 227
47.0 358
45.0 333
46.0 393
24.0 385
46.0 306
36.0 280
33.0 397
30.0 325
24.0 300
24.0 250
39.0 239
47.0 243
46.0 280
41.0 379
23.0 298
34.0 308
47.0 265
38.0 311
33.0 312
35.0 382
29.0 245
25.0 221
35.0 351
31.0 352
42.0 225
28.0 252
46.0 258
24.0 220
25.0 303
24.0 353
35.0 360
37.0 381
43.0 314
39.0 231
30.0 286
25.0 364
29.0 392
34.0 272
35.0 308
27.0 369
45.0 393
34.0 329
34.0 321
40.0 310
37.0 282
44.0 201
35.0 345
31.0 231
26.0 369
39.0 261
37.0 281
46.0 202
45.0 264
38.0 220
39.0 385
24.0 266
28.0 336
34.0 306
43.0 340
40.0 305
24.0 252
33.0 233
29.0 398
44.0 235
32.0 335
23.0 392
28.0 260
26.0 374
40.0 340
24.0 364
32.0 232
36.0 340
25.0 320
38.0 318
45.0 273
24.0 383
29.0 312
47.0 382
38.0 310
42.0 350
38.0 266
46.0 291
44.0 313
38.0 253
26.0 222
38.0 294
29.0 332
42.0 368
31.0 353
24.0 371
39.0 353
39.0 334
27.0 267
36.0 398
41.0 215
32.0 220
42.0 300
33.0 348
24.0 222
43.0 367
41.0 362
30.0 352
26.0 279
32.0 295
33.0 301
42.0 281
45.0 227
27.0 206
25.0 221
40.0 297
31.0 223
26.0 384
25.0 337
29.0 283
40.0 351
23.0 209
27.0 384
26.0 271
24.0 299
46.0 252
32.0 381
26.0 235
37.0 241
27.0 295
37.0 313
37.0 296
45.0 258
35.0 338
43.0 239
40.0 254
37.0 266
43.0 226
26.0 364
32.0 264
40.0 313
47.0 356
25.0 387
33.0 291
46.0 252
27.0 304
45.0 262
33.0 302
33.0 272
43.0 244
37.0 306
44.0 280
41.0 396
41.0 379
42.0 372
37.0 236
40.0 264
43.0 224
31.0 353
28.0 327
35.0 294
40.0 372
34.0 383
31.0 333
29.0 239
45.0 318
40.0 206
33.0 351
45.0 223
43.0 348
45.0 326
34.0 339
46.0 311
24.0 291
35.0 338
35.0 351
28.0 278
31.0 225
31.0 259
46.0 341
34.0 347
38.0 348
38.0 292
42.0 251
26.0 220
46.0 221
32.0 285
36.0 321
25.0 274
43.0 289
39.0 346
44.0 216
41.0 258
42.0 277
43.0 327
30.0 315
37.0 254
36.0 270
34.0 217
44.0 385
28.0 324
27.0 341
44.0 333
27.0 368
38.0 203
43.0 213
46.0 380
37.0 215
30.0 397
38.0 331
43.0 341
32.0 214
31.0 241
26.0 346
39.0 382
46.0 396
32.0 338
39.0 314
24.0 206
41.0 211
30.0 363
34.0 282
35.0 325
37.0 366
35.0 301
43.0 359
29.0 273
39.0 280
33.0 348
32.0 266
45.0 205
27.0 371
29.0 259
32.0 226
43.0 221
27.0 236
43.0 368
38.0 391
43.0 390
25.0 372
27.0 237
39.0 308
25.0 352
31.0 337
32.0 313
30.0 309
47.0 387
32.0 368
26.0 389
46.0 364
42.0 215
42.0 384
33.0 351
46.0 237
36.0 336
33.0 341
31.0 354
25.0 382
33.0 355
26.0 217
31.0 205
45.0 301
27.0 220
31.0 247
47.0 272
39.0 345
45.0 348
34.0 223
24.0 250
46.0 334
27.0 230
38.0 258
37.0 230
27.0 259
36.0 379
35.0 335
46.0 236
30.0 269
39.0 226
45.0 338
27.0 325
25.0 267
44.0 287
41.0 318
28.0 259
45.0 240
33.0 377
39.0 286
23.0 384
37.0 290
41.0 391
39.0 336
40.0 379
38.0 363
26.0 260
36.0 269
31.0 375
31.0 245
26.0 301
43.0 240
26.0 352
46.0 358
29.0 265
25.0 377
38.0 351
33.0 296
29.0 381
25.0 309
39.0 250
46.0 251
25.0 219
47.0 341
23.0 236
26.0 260
43.0 210
47.0 203
47.0 315
42.0 330
36.0 225
35.0 307
41.0 315
30.0 277
38.0 327
26.0 284
46.0 331
33.0 312
44.0 247
36.0 251
31.0 217
41.0 387
28.0 306
25.0 372
24.0 343
28.0 324
25.0 267
43.0 240
41.0 319
33.0 249
23.0 263
40.0 345
25.0 317
24.0 246
23.0 222
27.0 267
38.0 366
25.0 254
23.0 251
27.0 281
43.0 253
46.0 394
40.0 232
40.0 368
31.0 352
45.0 360
37.0 235
25.0 397
36.0 223
24.0 267
25.0 313
46.0 274
45.0 347
42.0 296
39.0 358
27.0 266
42.0 337
36.0 299
30.0 295
24.0 297
39.0 262
36.0 206
37.0 359
27.0 332
41.0 330
40.0 217
43.0 240
46.0 285
33.0 376
41.0 279
42.0 236
38.0 297
33.0 237
45.0 205
46.0 338
45.0 207
42.0 245
36.0 220
30.0 230
25.0 301
43.0 333
37.0 229
24.0 265
27.0 309
33.0 399
35.0 306
37.0 322
37.0 350
25.0 377
43.0 206
40.0 363
34.0 273
25.0 284
28.0 360
45.0 247
27.0 334
31.0 209
30.0 365
41.0 279
47.0 318
35.0 377
28.0 248
28.0 314
35.0 304
24.0 246
35.0 205
38.0 256
23.0 261
38.0 365
38.0 329
45.0 243
24.0 348
27.0 337
26.0 247
32.0 365
26.0 210
40.0 315
25.0 399
41.0 207
41.0 203
26.0 264
23.0 394
31.0 275
42.0 279
31.0 224
39.0 224
25.0 218
26.0 270
27.0 376
40.0 352
34.0 361
36.0 319
45.0 395
35.0 351
41.0 324
39.0 399
26.0 239
38.0 312
41.0 318
38.0 353
30.0 359
40.0 341
37.0 247
29.0 341
29.0 227
40.0 371
32.0 277
33.0 366
41.0 357
43.0 376
43.0 375
30.0 297
42.0 385
38.0 291
43.0 257
45.0 233
33.0 256
30.0 255
26.0 315
26.0 330
32.0 270
30.0 344
32.0 286
28.0 233
26.0 374
31.0 392
47.0 243
29.0 203
27.0 246
38.0 244
35.0 257
31.0 371
40.0 321
29.0 230
31.0 202
44.0 390
36.0 265
29.0 355
30.0 383
41.0 272
41.0 372
30.0 362
27.0 341
33.0 350
27.0 310
45.0 283
24.0 265
30.0 251
25.0 325
24.0 323
32.0 293
37.0 218
32.0 261
46.0 335
31.0 286
32.0 335
41.0 298
25.0 256
39.0 240
45.0 240
36.0 259
25.0 362
43.0 379
38.0 283
28.0 265
30.0 313
47.0 232
44.0 257
42.0 349
33.0 347
27.0 240
25.0 342
32.0 232
27.0 379
47.0 368
26.0 350
31.0 223
43.0 398
44.0 211
38.0 250
33.0 229
26.0 219
29.0 252
27.0 226
40.0 228
34.0 278
25.0 221
39.0 291
42.0 384
39.0 370
41.0 253
33.0 254
38.0 397
43.0 260
25.0 253
43.0 241
35.0 215
38.0 307
24.0 380
26.0 374
34.0 382
25.0 244
29.0 366
47.0 302
32.0 383
39.0 367
30.0 281
39.0 265
33.0 255
34.0 242
45.0 385
38.0 246
47.0 350
29.0 265
41.0 371
29.0 270
45.0 239
38.0 300
38.0 276
28.0 289
34.0 240
27.0 384
28.0 354
43.0 319
41.0 279
30.0 287
30.0 284
40.0 209
24.0 319
25.0 366
28.0 367
27.0 207
37.0 287
28.0 378
31.0 227
25.0 358
41.0 364
24.0 340
23.0 316
32.0 315
29.0 256
46.0 325
44.0 271
38.0 365
43.0 207
33.0 330
30.0 269
27.0 246
38.0 229
39.0 348
33.0 279
37.0 243
44.0 273
28.0 211
43.0 300
35.0 228
34.0 233
41.0 325
27.0 272
43.0 200
31.0 290
27.0 399
27.0 355
33.0 326
25.0 261
35.0 288
38.0 324
27.0 269
31.0 362
43.0 325
39.0 234
33.0 342
32.0 296
45.0 253
43.0 333
41.0 392
24.0 236
30.0 252
44.0 287
24.0 382
45.0 326
34.0 371
38.0 356
44.0 231
29.0 354
31.0 237
37.0 255
36.0 362
25.0 302
44.0 324
33.0 236
36.0 223
45.0 391
23.0 384
27.0 333
33.0 365
31.0 372
43.0 359
42.0 298
24.0 219
39.0 236
31.0 239
36.0 350
26.0 339
31.0 307
32.0 349
36.0 211
27.0 303
42.0 229
27.0 397
33.0 378
43.0 205
43.0 248
38.0 237
28.0 285
34.0 386
28.0 342
41.0 379
34.0 289
27.0 228
28.0 317
30.0 374
24.0 274
37.0 366
34.0 395
30.0 342
28.0 380
25.0 375
36.0 278
30.0 335
35.0 309
24.0 210
26.0 364
32.0 363
26.0 385
25.0 300
32.0 383
42.0 354
28.0 305
35.0 237
37.0 373
23.0 255
31.0 249
38.0 240
28.0 275
42.0 329
26.0 273
39.0 353
26.0 239
31.0 385
32.0 251
29.0 337
29.0 221
34.0 291
35.0 363
45.0 219
45.0 276
31.0 397
28.0 324
33.0 237
24.0 352
25.0 266
35.0 312
29.0 270
39.0 355
44.0 253
40.0 292
24.0 315
46.0 279
45.0 374
29.0 304
28.0 340
42.0 235
34.0 382
29.0 295
32.0 386
42.0 270
30.0 212
27.0 267
31.0 292
47.0 333
36.0 248
47.0 244
44.0 386
24.0 356
24.0 209
40.0 216
26.0 356
44.0 333
42.0 344
28.0 361
26.0 226
30.0 359
29.0 211
28.0 336
40.0 229
29.0 242
34.0 270
26.0 286
25.0 229
34.0 327
45.0 305
40.0 247
27.0 285
28.0 390
46.0 217
39.0 280
43.0 322
27.0 235
38.0 344
25.0 392
39.0 345
34.0 231
37.0 231
36.0 276
39.0 300
30.0 334
30.0 389
46.0 328
26.0 271
36.0 295
42.0 274
32.0 319
42.0 269
44.0 312
38.0 337
27.0 399
39.0 323
46.0 393
28.0 395
45.0 306
42.0 313
39.0 231
29.0 375
31.0 270
44.0 201
32.0 237
31.0 313
30.0 264
26.0 279
46.0 267
28.0 286
31.0 302
46.0 297
40.0 303
43.0 375
25.0 363
39.0 247
42.0 371
38.0 290
33.0 240
31.0 361
39.0 330
43.0 398
30.0 270
37.0 335
37.0 298
45.0 304
44.0 339
35.0 296
28.0 250
46.0 225
26.0 202
41.0 341
38.0 336
27.0 268
35.0 227
32.0 254
35.0 221
25.0 208
33.0 302
27.0 358
28.0 250
27.0 244
45.0 299
42.0 339
44.0 225
45.0 355
28.0 233
46.0 358
41.0 386
28.0 312
36.0 319
35.0 316
39.0 278
47.0 344
23.0 347
38.0 399
24.0 313
32.0 256
42.0 284
25.0 355
45.0 350
43.0 324
33.0 364
43.0 280
30.0 398
44.0 222
45.0 256
25.0 202
43.0 344
29.0 331
24.0 353
44.0 282
36.0 215
44.0 286
35.0 204
43.0 383
29.0 233
45.0 310
42.0 263
44.0 240
27.0 227
31.0 245
41.0 285
37.0 382
37.0 242
29.0 394
24.0 240
26.0 276
38.0 327
29.0 263
41.0 249
40.0 221
34.0 386
32.0 214
37.0 338
45.0 378
45.0 211
27.0 248
32.0 378
34.0 328
45.0 282
43.0 321
29.0 332
33.0 285
32.0 218
30.0 317
28.0 266
24.0 365
33.0 296
34.0 206
36.0 382
45.0 331
47.0 231
38.0 310
27.0 303
45.0 387
46.0 302
27.0 253
44.0 311
43.0 399
36.0 242
34.0 232
30.0 306
44.0 243
46.0 285
46.0 265
33.0 338
45.0 222
39.0 318
43.0 346
23.0 259
26.0 248
44.0 348
23.0 305
28.0 370
32.0 331
45.0 243
40.0 203
27.0 337
45.0 380
46.0 343
30.0 210
46.0 396
45.0 281
33.0 205
24.0 210
33.0 397
30.0 206
33.0 253
40.0 348
33.0 343
26.0 346
40.0 279
44.0 276
38.0 349
26.0 376
39.0 321
27.0 352
42.0 370
46.0 392
33.0 253
29.0 336
44.0 202
32.0 379
44.0 292
33.0 255
34.0 295
25.0 324
33.0 249
43.0 269
37.0 244
24.0 217
33.0 343
47.0 222
28.0 247
29.0 232
42.0 247
33.0 381
38.0 207
41.0 382
38.0 324
31.0 256
27.0 251
39.0 393
36.0 364
37.0 337
33.0 303
33.0 257
36.0 221
26.0 222
41.0 253
44.0 336
41.0 363
39.0 344
44.0 288
36.0 232
38.0 220
46.0 207
28.0 335
25.0 366
26.0 325
32.0 314
44.0 276
32.0 360
34.0 330
30.0 220
45.0 232
23.0 391
30.0 317
28.0 390
43.0 359
25.0 240
43.0 271
30.0 299
24.0 220
38.0 235
39.0 267
46.0 262
24.0 349
29.0 269
40.0 301
40.0 279
28.0 200
40.0 371
31.0 347
38.0 372
47.0 212
45.0 345
38.0 364
29.0 379
42.0 397
45.0 339
33.0 201
35.0 308
44.0 278
27.0 202
34.0 323
34.0 358
44.0 366
40.0 297
34.0 255
32.0 345
29.0 204
37.0 202
37.0 374
24.0 251
33.0 397
42.0 244
32.0 323
42.0 228
40.0 337
35.0 218
28.0 243
32.0 353
29.0 379
29.0 375
43.0 285
25.0 285
41.0 370
32.0 233
34.0 341
29.0 377
28.0 376
26.0 360
23.0 275
42.0 290
31.0 300
23.0 290
35.0 261
25.0 390
39.0 307
23.0 333
30.0 347
38.0 262
27.0 232
34.0 331
41.0 286
42.0 364
34.0 364
42.0 230
39.0 214
45.0 211
27.0 334
26.0 318
38.0 272
43.0 218
41.0 278
24.0 273
47.0 340
23.0 362
25.0 226
39.0 294
41.0 250
39.0 267
27.0 267
36.0 330
38.0 390
33.0 390
36.0 259
37.0 270
29.0 328
38.0 314
33.0 322
28.0 317
35.0 249
39.0 385
38.0 399
27.0 312
24.0 336
31.0 368
26.0 365
37.0 268
37.0 349
37.0 394
47.0 257
38.0 370
35.0 261
43.0 306
24.0 364
41.0 227
45.0 396
32.0 289
46.0 311
34.0 206
45.0 291
35.0 384
30.0 238
33.0 230
31.0 358
40.0 284
24.0 330
39.0 236
37.0 377
25.0 281
35.0 349
47.0 380
45.0 262
35.0 245
44.0 368
28.0 283
41.0 261
30.0 236
40.0 297
25.0 235
24.0 355
46.0 300
45.0 265
43.0 263
36.0 320
35.0 263
46.0 370
40.0 351
41.0 230
33.0 263
25.0 355
34.0 317
24.0 336
44.0 353
46.0 329
44.0 237
31.0 329
28.0 290
24.0 205
45.0 316
47.0 320
36.0 308
26.0 231
37.0 327
29.0 366
35.0 378
37.0 218
45.0 373
39.0 361
31.0 276
28.0 324
36.0 364
34.0 388
39.0 361
30.0 204
29.0 286
45.0 347
40.0 244
29.0 274
35.0 225
44.0 339
36.0 340
38.0 372
33.0 392
31.0 218
28.0 304
37.0 364
39.0 217
24.0 258
43.0 224
24.0 325
41.0 374
45.0 343
41.0 318
28.0 251
40.0 241
36.0 389
39.0 302
40.0 257
32.0 240
28.0 247
33.0 233
30.0 372
24.0 273
34.0 372
41.0 275
45.0 358
43.0 372
32.0 246
44.0 395
25.0 345
33.0 352
44.0 284
34.0 272
46.0 212
23.0 347
28.0 326
34.0 342
28.0 326
25.0 344
44.0 203
40.0 388
28.0 241
39.0 274
44.0 278
27.0 298
37.0 384
30.0 231
29.0 397
42.0 391
30.0 250
44.0 399
36.0 320
42.0 251
26.0 378
27.0 284
31.0 346
27.0 390
26.0 349
29.0 276
46.0 386
35.0 225
40.0 243
26.0 242
25.0 250
41.0 246
37.0 382
36.0 333
37.0 207
46.0 304
45.0 226
36.0 376
35.0 295
35.0 312
33.0 276
43.0 376
44.0 231
43.0 268
25.0 367
38.0 234
23.0 383
38.0 364
26.0 353
38.0 269
42.0 335
30.0 275
33.0 382
43.0 307
36.0 255
25.0 370
44.0 317
46.0 349
43.0 335
32.0 311
39.0 348
39.0 380
46.0 275
36.0 271
47.0 248
39.0 256
30.0 363
42.0 302
35.0 217
28.0 345
27.0 400
33.0 377
33.0 260
44.0 277
27.0 353
28.0 317
43.0 303
39.0 389
43.0 228
34.0 360
25.0 341
28.0 343
34.0 221
34.0 228
27.0 267
35.0 302
46.0 372
31.0 212
25.0 337
47.0 345
27.0 370
40.0 393
35.0 313
38.0 381
40.0 270
29.0 261
31.0 219
35.0 222
23.0 305
34.0 266
41.0 314
33.0 370
40.0 306
35.0 354
46.0 329
28.0 313
43.0 245
33.0 232
39.0 331
39.0 222
46.0 375
41.0 334
44.0 318
43.0 366
44.0 284
41.0 323
43.0 303
37.0 244
33.0 263
37.0 383
31.0 310
26.0 257
33.0 314
46.0 342
26.0 241
39.0 359
46.0 338
36.0 263
43.0 254
38.0 323
31.0 342
25.0 341
26.0 243
34.0 363
32.0 259
27.0 364
45.0 328
30.0 343
33.0 268
44.0 263
33.0 399
37.0 316
37.0 281
42.0 379
36.0 261
23.0 393
40.0 223
30.0 250
38.0 329
32.0 313
29.0 285
31.0 329
23.0 384
39.0 363
45.0 275
35.0 289
44.0 315
40.0 254
29.0 321
35.0 266
38.0 263
34.0 379
26.0 209
38.0 309
28.0 304
42.0 359
26.0 279
45.0 253
33.0 286
40.0 309
24.0 285
41.0 297
27.0 254
29.0 256
29.0 356
38.0 230
37.0 242
26.0 208
45.0 351
45.0 366
39.0 382
41.0 383
42.0 246
32.0 382
29.0 226
30.0 372
25.0 388
43.0 267
42.0 223
29.0 272
34.0 214
34.0 217
38.0 212
41.0 254
35.0 374
33.0 328
34.0 300
41.0 400
34.0 338
39.0 382
45.0 281
31.0 307
35.0 241
33.0 229
29.0 319
25.0 221
24.0 313
36.0 398
40.0 260
32.0 370
26.0 321
45.0 384
41.0 371
42.0 349
33.0 305
31.0 249
30.0 220
38.0 315
37.0 394
35.0 257
43.0 286
28.0 353
33.0 292
28.0 264
35.0 207
24.0 246
47.0 330
36.0 282
34.0 357
37.0 334
33.0 308
37.0 246
38.0 299
40.0 338
26.0 301
28.0 361
30.0 218
41.0 202
29.0 200
23.0 244
28.0 291
47.0 322
28.0 231
46.0 400
26.0 369
34.0 328
45.0 349
40.0 290
32.0 257
43.0 349
32.0 376
34.0 329
31.0 283
44.0 342
23.0 328
43.0 376
39.0 290
33.0 271
31.0 297
28.0 372
31.0 358
41.0 313
30.0 396
25.0 268
23.0 260
35.0 284
38.0 252
38.0 385
37.0 305
41.0 258
31.0 242
37.0 353
26.0 268
41.0 284
27.0 280
29.0 202
33.0 353
36.0 234
26.0 250
31.0 339
40.0 366
41.0 303
32.0 344
40.0 394
46.0 350
31.0 253
34.0 394
37.0 362
32.0 329
37.0 238
30.0 214
26.0 326
28.0 363
34.0 262
42.0 294
43.0 366
37.0 333
43.0 395
41.0 292
25.0 327
25.0 236
29.0 228
27.0 313
39.0 342
41.0 302
33.0 258
27.0 391
27.0 231
30.0 377
29.0 359
35.0 252
41.0 214
26.0 240
40.0 317
28.0 246
45.0 242
45.0 377
45.0 370
40.0 284
44.0 389
26.0 358
29.0 357
30.0 375
41.0 270
41.0 244
24.0 223
30.0 376
31.0 318
34.0 234
35.0 203
36.0 229
27.0 339
47.0 227
42.0 221
32.0 303
41.0 359
35.0 321
44.0 270
25.0 395
30.0 258
47.0 363
31.0 335
39.0 210
45.0 263
29.0 398
33.0 231
46.0 233
41.0 275
32.0 222
27.0 342
38.0 306
31.0 361
36.0 390
33.0 367
44.0 280
45.0 248
27.0 340
44.0 352
26.0 276
42.0 352
46.0 268
37.0 396
37.0 230
25.0 281
23.0 232
35.0 379
39.0 237
24.0 389
42.0 364
25.0 285
33.0 214
47.0 207
27.0 278
37.0 289
26.0 307
31.0 302
28.0 222
44.0 385
46.0 220
26.0 294
43.0 295
28.0 317
43.0 369
25.0 215
34.0 314
25.0 204
38.0 228
38.0 375
33.0 306
26.0 374
43.0 267
45.0 305
28.0 383
29.0 215
26.0 347
41.0 210
44.0 336
23.0 388
35.0 259
37.0 264
36.0 383
27.0 317
25.0 321
42.0 329
47.0 311
35.0 362
36.0 210
38.0 224
45.0 322
36.0 324
39.0 276
37.0 380
44.0 336
30.0 361
24.0 313
32.0 325
37.0 384
45.0 271
45.0 247
38.0 248
40.0 258
27.0 370
40.0 205
35.0 298
37.0 257
30.0 249
45.0 275
41.0 313
32.0 336
28.0 201
29.0 383
45.0 205
46.0 355
41.0 284
39.0 337
28.0 335
46.0 279
46.0 237
38.0 385
47.0 275
43.0 280
35.0 356
46.0 339
42.0 295
36.0 398
29.0 267
28.0 356
42.0 364
35.0 386
33.0 330
24.0 209
45.0 371
32.0 221
46.0 366
25.0 203
44.0 223
47.0 392
26.0 315
40.0 219
37.0 224
46.0 341
39.0 370
42.0 287
40.0 372
33.0 310
33.0 234
28.0 389
26.0 225
25.0 339
33.0 252
37.0 245
39.0 313
42.0 380
35.0 294
23.0 202
27.0 327
31.0 378
45.0 291
39.0 216
30.0 241
42.0 335
46.0 213
45.0 353
25.0 262
39.0 205
25.0 337
44.0 203
28.0 229
27.0 266
26.0 280
34.0 345
34.0 391
30.0 272
47.0 293
33.0 232
36.0 260
34.0 383
38.0 308
26.0 351
43.0 241
42.0 347
28.0 282
29.0 399
45.0 279
26.0 206
28.0 244
39.0 346
36.0 204
46.0 397
27.0 241
39.0 214
27.0 311
36.0 352
45.0 270
31.0 395
38.0 274
32.0 224
43.0 207
36.0 352
24.0 271
38.0 311
44.0 362
26.0 360
29.0 392
32.0 213
43.0 297
43.0 266
39.0 320
38.0 222
29.0 231
38.0 269
32.0 285
30.0 374
34.0 226
47.0 297
38.0 376
44.0 342
34.0 232
29.0 391
35.0 272
26.0 336
43.0 221
25.0 284
30.0 270
32.0 361
42.0 362
46.0 238
33.0 217
43.0 356
33.0 256
25.0 345
40.0 371
35.0 260
34.0 310
27.0 364
46.0 240
25.0 224
27.0 382
37.0 247
46.0 398
31.0 325
26.0 255
42.0 269
45.0 375
25.0 211
47.0 371
26.0 371
41.0 266
29.0 347
33.0 295
42.0 279
35.0 360
28.0 319
44.0 259
26.0 229
26.0 267
42.0 306
29.0 373
30.0 386
31.0 312
38.0 331
41.0 307
24.0 308
47.0 317
41.0 232
26.0 265
43.0 289
47.0 251
29.0 397
39.0 363
44.0 389
31.0 252
36.0 240
24.0 317
46.0 368
45.0 243
43.0 211
36.0 240
36.0 253
42.0 309
47.0 358
43.0 343
40.0 377
28.0 366
34.0 237
30.0 222
44.0 236
31.0 361
23.0 222
37.0 209
24.0 302
33.0 224
42.0 238
25.0 284
39.0 217
24.0 277
37.0 375
25.0 222
41.0 280
40.0 204
40.0 367
23.0 297
43.0 327
41.0 246
30.0 202
24.0 297
47.0 235
32.0 236
36.0 333
26.0 275
28.0 398
45.0 223
44.0 360
33.0 229
31.0 368
44.0 384
29.0 361
37.0 365
45.0 384
29.0 300
37.0 283
26.0 343
32.0 307
34.0 319
27.0 279
27.0 269
38.0 318
42.0 235
33.0 280
37.0 277
47.0 351
43.0 210
34.0 308
46.0 251
26.0 371
43.0 371
36.0 394
45.0 255
32.0 262
37.0 307
36.0 240
28.0 346
44.0 375
39.0 279
29.0 215
26.0 335
42.0 205
43.0 229
43.0 344
24.0 214
46.0 387
39.0 212
34.0 309
35.0 257
44.0 211
26.0 259
43.0 298
31.0 375
40.0 385
32.0 246
41.0 373
33.0 370
34.0 373
40.0 294
36.0 386
28.0 326
39.0 269
40.0 332
25.0 364
24.0 271
37.0 377
29.0 382
41.0 258
45.0 296
42.0 308
34.0 291
42.0 288
28.0 362
24.0 371
27.0 238
46.0 360
37.0 297
29.0 257
43.0 244
33.0 206
43.0 389
24.0 271
43.0 293
25.0 258
34.0 299
24.0 209
43.0 312
29.0 213
35.0 319
27.0 235
44.0 276
35.0 321
35.0 338
44.0 339
46.0 304
29.0 231
29.0 211
36.0 303
26.0 305
25.0 216
43.0 299
24.0 274
34.0 283
33.0 305
42.0 248
30.0 394
31.0 349
35.0 215
45.0 328
37.0 204
24.0 224
32.0 309
27.0 214
36.0 250
27.0 364
27.0 216
28.0 204
27.0 217
38.0 231
29.0 394
25.0 292
47.0 252
31.0 319
42.0 378
43.0 255
25.0 270
40.0 377
38.0 344
27.0 370
26.0 301
32.0 288
30.0 342
41.0 374
31.0 325
41.0 356
32.0 300
24.0 374
36.0 264
37.0 310
27.0 335
29.0 338
37.0 280
45.0 289
35.0 390
38.0 319
37.0 391
39.0 219
37.0 376
41.0 367
24.0 334
43.0 235
35.0 299
45.0 240
25.0 349
44.0 274
41.0 285
26.0 375
36.0 270
41.0 248
41.0 264
27.0 321
40.0 257
24.0 342
23.0 261
25.0 365
45.0 367
36.0 277
38.0 350
46.0 345
38.0 354
32.0 230
33.0 366
35.0 349
43.0 273
43.0 262
27.0 260
34.0 332
42.0 268
33.0 376
40.0 230
41.0 307
31.0 314
32.0 366
32.0 241
33.0 305
43.0 203
46.0 382
33.0 255
24.0 211
23.0 354
25.0 370
39.0 388
36.0 235
46.0 252
24.0 382
46.0 214
26.0 280
46.0 207
45.0 241
27.0 354
38.0 341
34.0 356
42.0 341
35.0 359
24.0 245
26.0 398
23.0 226
44.0 281
24.0 249
45.0 283
30.0 288
45.0 208
39.0 216
27.0 350
44.0 370
24.0 359
26.0 252
27.0 376
33.0 267
44.0 298
31.0 275
39.0 337
28.0 267
44.0 234
31.0 329
28.0 341
45.0 294
47.0 255
30.0 363
40.0 296
40.0 233
24.0 308
39.0 233
40.0 246
29.0 339
41.0 293
35.0 260
31.0 269
44.0 363
33.0 302
26.0 317
45.0 263
42.0 242
37.0 267
26.0 244
30.0 321
23.0 344
45.0 366
36.0 254
41.0 321
29.0 385
32.0 378
38.0 296
23.0 355
26.0 396
46.0 309
23.0 296
35.0 329
28.0 367
41.0 213
42.0 213
30.0 321
37.0 237
24.0 277
27.0 227
43.0 304
40.0 222
29.0 336
38.0 346
40.0 340
34.0 225
24.0 354
27.0 344
27.0 358
26.0 396
34.0 271
44.0 372
38.0 291
46.0 397
40.0 319
45.0 306
39.0 303
46.0 270
44.0 385
45.0 283
35.0 349
44.0 282
44.0 269
27.0 263
32.0 251
25.0 279
30.0 206
25.0 284
38.0 302
24.0 307
24.0 280
32.0 267
28.0 248
26.0 256
30.0 241
42.0 215
38.0 265
36.0 396
26.0 302
38.0 249
32.0 337
27.0 247
30.0 287
42.0 276
37.0 396
38.0 374
37.0 342
24.0 373
28.0 341
36.0 249
38.0 201
35.0 221
32.0 328
37.0 210
26.0 288
26.0 376
47.0 203
42.0 203
42.0 390
40.0 385
36.0 288
44.0 246
46.0 280
46.0 318
25.0 256
32.0 381
27.0 228
43.0 395
35.0 279
42.0 283
24.0 208
35.0 373
29.0 308
29.0 334
34.0 276
33.0 247
27.0 311
33.0 222
35.0 371
43.0 224
44.0 280
40.0 238
31.0 326
35.0 344
44.0 265
24.0 290
37.0 371
32.0 342
46.0 265
24.0 357
37.0 373
33.0 252
39.0 366
27.0 273
41.0 202
29.0 294
24.0 204
46.0 253
40.0 214
25.0 263
44.0 287
34.0 305
32.0 285
23.0 360
35.0 299
32.0 235
44.0 280
46.0 222
34.0 294
34.0 320
46.0 336
26.0 334
47.0 240
39.0 206
31.0 381
36.0 309
29.0 217
32.0 220
45.0 366
43.0 393
28.0 254
32.0 229
38.0 277
25.0 381
42.0 275
31.0 250
27.0 226
44.0 306
25.0 255
45.0 375
25.0 384
23.0 264
28.0 257
47.0 274
44.0 275
29.0 384
28.0 261
47.0 362
39.0 265
32.0 222
35.0 247
36.0 210
42.0 355
25.0 373
26.0 203
42.0 370
26.0 243
40.0 339
37.0 392
42.0 205
28.0 387
27.0 341
23.0 242
42.0 312
29.0 385
31.0 314
25.0 272
34.0 261
42.0 314
24.0 339
24.0 226
38.0 397
25.0 351
29.0 273
35.0 303
38.0 220
25.0 279
25.0 352
24.0 283
35.0 295
33.0 233
32.0 274
34.0 239
35.0 296
29.0 225
46.0 212
35.0 304
25.0 236
35.0 238
35.0 274
40.0 345
31.0 228
45.0 245
27.0 324
24.0 387
31.0 229
37.0 256
28.0 226
40.0 270
32.0 254
37.0 213
45.0 313
37.0 319
23.0 336
41.0 305
41.0 388
44.0 336
45.0 342
42.0 399
39.0 218
39.0 369
37.0 345
40.0 215
26.0 398
44.0 393
29.0 223
36.0 300
42.0 291
36.0 281
27.0 338
30.0 304
38.0 270
32.0 390
40.0 313
42.0 256
38.0 221
36.0 223
32.0 340
29.0 372
43.0 386
33.0 282
31.0 232
31.0 334
24.0 337
28.0 305
38.0 381
38.0 206
40.0 382
28.0 279
25.0 351
38.0 306
33.0 251
37.0 325
35.0 299
35.0 355
43.0 292
29.0 266
27.0 387
37.0 295
37.0 287
45.0 312
38.0 271
28.0 366
39.0 392
34.0 282
41.0 217
37.0 304
30.0 366
39.0 364
28.0 230
46.0 309
42.0 237
42.0 398
36.0 257
29.0 267
28.0 296
42.0 221
37.0 278
46.0 334
30.0 311
42.0 365
39.0 227
31.0 212
25.0 389
26.0 300
28.0 323
44.0 262
26.0 240
30.0 321
24.0 381
35.0 258
32.0 398
33.0 366
39.0 258
29.0 277
26.0 314
33.0 245
31.0 237
46.0 361
45.0 315
42.0 304
39.0 212
33.0 359
27.0 369
31.0 228
26.0 398
32.0 314
45.0 324
32.0 304
30.0 242
28.0 333
38.0 382
46.0 336
37.0 341
26.0 282
26.0 291
28.0 206
32.0 211
32.0 380
40.0 312
46.0 206
24.0 244
42.0 328
23.0 305
34.0 206
26.0 275
41.0 295
32.0 213
26.0 239
35.0 255
28.0 383
26.0 358
32.0 377
32.0 233
42.0 239
36.0 297
27.0 219
43.0 370
31.0 297
33.0 324
23.0 357
47.0 278
25.0 310
34.0 343
29.0 273
24.0 391
39.0 233
44.0 229
23.0 295
40.0 394
42.0 238
38.0 340
44.0 362
40.0 361
35.0 202
37.0 268
47.0 282
39.0 274
29.0 309
39.0 359
35.0 397
27.0 276
37.0 316
35.0 284
29.0 260
29.0 391
29.0 226
40.0 333
32.0 221
44.0 235
34.0 226
42.0 337
34.0 322
35.0 226
29.0 297
29.0 269
40.0 287
28.0 203
37.0 226
24.0 224
25.0 349
26.0 322
42.0 331
47.0 299
29.0 300
43.0 276
45.0 363
36.0 327
40.0 399
27.0 269
24.0 390
25.0 302
28.0 257
46.0 221
26.0 240
40.0 348
41.0 289
42.0 257
45.0 280
35.0 381
38.0 379
24.0 308
40.0 293
40.0 376
45.0 358
30.0 212
41.0 248
28.0 389
46.0 218
25.0 213
30.0 301
23.0 393
25.0 228
40.0 345
25.0 322
25.0 377
44.0 369
46.0 385
39.0 262
46.0 257
47.0 338
40.0 274
37.0 321
36.0 289
44.0 386
39.0 261
27.0 268
27.0 251
37.0 221
36.0 273
36.0 207
28.0 293
41.0 202
46.0 282
33.0 289
28.0 378
45.0 381
45.0 201
40.0 369
44.0 219
36.0 394
40.0 279
43.0 332
29.0 235
38.0 312
46.0 325
47.0 323
47.0 241
38.0 340
47.0 352
32.0 336
42.0 313
46.0 253
26.0 396
45.0 347
35.0 331
45.0 355
26.0 230
27.0 375
33.0 218
26.0 228
33.0 349
27.0 260
47.0 386
37.0 392
34.0 384
23.0 344
27.0 247
40.0 278
41.0 349
34.0 395
41.0 291
30.0 284
25.0 204
33.0 349
31.0 333
46.0 365
32.0 272
28.0 200
33.0 249
31.0 344
31.0 355
35.0 339
36.0 273
35.0 345
37.0 270
42.0 257
44.0 369
36.0 207
42.0 327
46.0 252
44.0 272
45.0 230
23.0 290
45.0 241
23.0 293
37.0 292
28.0 265
27.0 275
25.0 212
31.0 298
38.0 217
35.0 225
42.0 219
44.0 332
32.0 261
26.0 233
33.0 266
27.0 261
43.0 298
36.0 340
43.0 361
30.0 395
28.0 257
41.0 246
34.0 259
32.0 278
24.0 358
34.0 364
35.0 215
33.0 259
29.0 291
35.0 242
23.0 220
34.0 247
27.0 327
30.0 360
41.0 320
47.0 383
25.0 257
24.0 343
34.0 344
32.0 225
35.0 217
31.0 335
46.0 296
43.0 355
23.0 268
27.0 229
31.0 319
41.0 240
25.0 276
33.0 296
35.0 365
43.0 393
43.0 345
35.0 347
39.0 233
24.0 258
42.0 270
42.0 229
43.0 359
32.0 303
29.0 398
34.0 388
33.0 339
27.0 264
25.0 349
32.0 330
45.0 302
31.0 333
30.0 387
42.0 290
34.0 345
44.0 329
27.0 281
46.0 372
43.0 205
26.0 241
47.0 231
36.0 352
38.0 339
31.0 386
44.0 378
38.0 262
38.0 264
35.0 327
24.0 226
41.0 345
42.0 346
23.0 381
37.0 245
26.0 241
42.0 377
46.0 284
37.0 279
34.0 362
44.0 203
47.0 210
33.0 389
36.0 338
39.0 224
27.0 204
46.0 347
40.0 275
46.0 250
32.0 278
41.0 300
33.0 347
41.0 291
26.0 397
41.0 395
40.0 313
28.0 374
45.0 260
35.0 355
31.0 371
45.0 313
37.0 249
34.0 399
25.0 248
47.0 396
32.0 258
35.0 369
38.0 391
28.0 258
41.0 341
31.0 203
30.0 395
39.0 206
44.0 290
23.0 246
33.0 393
36.0 211
46.0 242
42.0 288
46.0 388
39.0 381
37.0 261
36.0 253
41.0 304
41.0 274
33.0 343
44.0 246
38.0 200
32.0 330
24.0 250
35.0 337
33.0 254
44.0 228
36.0 397
24.0 273
29.0 335
38.0 312
40.0 360
44.0 304
46.0 303
33.0 248
30.0 304
25.0 366
32.0 258
36.0 368
29.0 377
34.0 270
27.0 300
33.0 242
45.0 397
26.0 366
34.0 312
27.0 271
40.0 366
38.0 263
38.0 236
23.0 255
28.0 256
29.0 294
41.0 380
23.0 333
35.0 246
27.0 355
40.0 231
33.0 294
24.0 310
26.0 344
24.0 212
44.0 227
46.0 304
26.0 363
33.0 287
33.0 315
31.0 224
24.0 284
43.0 205
27.0 268
42.0 299
39.0 353
46.0 320
37.0 212
47.0 351
40.0 389
23.0 288
28.0 283
40.0 393
29.0 216
44.0 317
32.0 320
31.0 365
40.0 370
27.0 312
24.0 263
31.0 279
33.0 370
36.0 333
46.0 227
45.0 271
26.0 232
45.0 272
24.0 306
27.0 253
35.0 330
31.0 288
47.0 263
46.0 335
